  -10.000000     -1.57546306E-20
  -9.7979794     -9.45553454E-20
  -9.5959597     -5.31645937E-19
  -9.3939390     -2.90221529E-18
  -9.1919193     -1.53708091E-17
  -8.9898987     -7.89684185E-17
  -8.7878790     -3.93405379E-16
  -8.5858583     -1.89981295E-15
  -8.3838387     -8.89029349E-15
  -8.1818180     -4.02999574E-14
  -7.9797983     -1.76898115E-13
  -7.7777777     -7.51653080E-13
  -7.5757575     -3.09051743E-12
  -7.3737373     -1.22915090E-11
  -7.1717172     -4.72693204E-11
  -6.9696970     -1.75707976E-10
  -6.7676768     -6.31069919E-10
  -6.5656567     -2.18912666E-09
  -6.3636365     -7.33168104E-09
  -6.1616163     -2.36976412E-08
  -5.9595962     -7.38929415E-08
  -5.7575760     -2.22188660E-07
  -5.5555558     -6.43998135E-07
  -5.3535357     -1.79849837E-06
  -5.1515150     -4.83742451E-06
  -4.9494948     -1.25259076E-05
  -4.7474747     -3.12106858E-05
  -4.5454545     -7.47994709E-05
  -4.3434343     -1.72342057E-04
  -4.1414142     -3.81566497E-04
  -3.9393940     -8.11363221E-04
  -3.7373738     -1.65612705E-03
  -3.5353537     -3.24308150E-03
  -3.3333335     -6.08895719E-03
  -3.1313133     -1.09536583E-02
  -2.9292932     -1.88662801E-02
  -2.7272730     -3.10858246E-02
  -2.5252528     -4.89521250E-02
  -2.3232327     -7.35905990E-02
  -2.1212125     -0.10546815    
  -1.9191923     -0.14385554    
  -1.7171717     -0.18632981    
  -1.5151520     -0.22851117    
  -1.3131313     -0.26424354    
  -1.1111116     -0.28635684    
 -0.90909100     -0.28798702    
 -0.70707130     -0.26422107    
 -0.50505066     -0.21363415    
 -0.30303001     -0.13922620    
 -0.10101032     -4.83665168E-02
  0.10101032      4.83705737E-02
  0.30303001      0.13923109    
  0.50505066      0.21363887    
  0.70707035      0.26422521    
  0.90909100      0.28799012    
   1.1111107      0.28635916    
   1.3131313      0.26424554    
   1.5151510      0.22851253    
   1.7171717      0.18633027    
   1.9191914      0.14385559    
   2.1212120      0.10546841    
   2.3232317      7.35909194E-02
   2.5252523      4.89526168E-02
   2.7272720      3.10863182E-02
   2.9292927      1.88663807E-02
   3.1313133      1.09540196E-02
   3.3333330      6.08882261E-03
   3.5353537      3.24307149E-03
   3.7373734      1.65631913E-03
   3.9393940      8.11798032E-04
   4.1414137      3.81656020E-04
   4.3434343      1.72287968E-04
   4.5454540      7.48424718E-05
   4.7474747      3.10929609E-05
   4.9494944      1.24229155E-05
   5.1515150      4.71288740E-06
   5.3535347      1.66622135E-06
   5.5555553      5.80548715E-07
   5.7575750      1.38892943E-07
   5.9595957      2.18474625E-08
   6.1616154      1.11512456E-07
   6.3636360      7.48876516E-08
   6.5656567     -5.59341444E-08
   6.7676773      3.48634899E-08
   6.9696960      3.47021683E-08
   7.1717167     -1.37935103E-08
   7.3737373      3.93288246E-08
   7.5757580     -7.07445906E-08
   7.7777767      1.37682491E-07
   7.9797974     -1.22549409E-07
   8.1818180      3.02488843E-08
   8.3838387     -2.91584001E-09
   8.5858574     -7.16279658E-08
   8.7878780      3.84511623E-08
   8.9898987      8.00509952E-08
   9.1919193     -4.16154649E-08
   9.3939400      1.33791218E-08
   9.5959587      6.00439307E-08
   9.7979794     -1.86521447E-08
   10.000000      3.71351234E-08
