  -10.000000     -1.21108444E-19
  -9.7979794     -7.75253471E-19
  -9.5959597     -4.25142628E-18
  -9.3939390     -2.28714596E-17
  -9.1919193     -1.19178780E-16
  -8.9898987     -6.02306865E-16
  -8.7878790     -2.94995677E-15
  -8.5858583     -1.39973118E-14
  -8.3838387     -6.43190538E-14
  -8.1818180     -2.86111358E-13
  -7.9797983     -1.23158059E-12
  -7.7777777     -5.12804339E-12
  -7.5757575     -2.06456085E-11
  -7.3737373     -8.03363695E-11
  -7.1717172     -3.02012582E-10
  -6.9696970     -1.09642906E-09
  -6.7676768     -3.84229271E-09
  -6.5656567     -1.29915474E-08
  -6.3636365     -4.23637410E-08
  -6.1616163     -1.33164420E-07
  -5.9595962     -4.03304824E-07
  -5.7575760     -1.17629213E-06
  -5.5555558     -3.30226294E-06
  -5.3535357     -8.91851596E-06
  -5.1515150     -2.31589001E-05
  -4.9494948     -5.77878673E-05
  -4.7474747     -1.38479445E-04
  -4.5454545     -3.18480976E-04
  -4.3434343     -7.02478166E-04
  -4.1414142     -1.48494821E-03
  -3.9393940     -3.00585874E-03
  -3.7373738     -5.82127087E-03
  -3.5353537     -1.07752029E-02
  -3.3333335     -1.90414339E-02
  -3.1313133     -3.20826992E-02
  -2.9292932     -5.14593646E-02
  -2.7272730     -7.84263387E-02
  -2.5252528     -0.11330370    
  -2.3232327     -0.15470272    
  -2.1212125     -0.19882180    
  -1.9191923     -0.23915133    
  -1.7171717     -0.26695523    
  -1.5151520     -0.27277324    
  -1.3131313     -0.24885733    
  -1.1111116     -0.19201162    
 -0.90909100     -0.10591973    
 -0.70707130     -1.93096709E-03
 -0.50505066      0.10240918    
 -0.30303001      0.18705745    
 -0.10101032      0.23449028    
  0.10101032      0.23449010    
  0.30303001      0.18705636    
  0.50505066      0.10240767    
  0.70707035     -1.93222763E-03
  0.90909100     -0.10592046    
   1.1111107     -0.19201159    
   1.3131313     -0.24885672    
   1.5151510     -0.27277207    
   1.7171717     -0.26695350    
   1.9191914     -0.23915023    
   2.1212120     -0.19882230    
   2.3232317     -0.15470406    
   2.5252523     -0.11330560    
   2.7272720     -7.84280524E-02
   2.9292927     -5.14602885E-02
   3.1313133     -3.20836194E-02
   3.3333330     -1.90417841E-02
   3.5353537     -1.07753472E-02
   3.7373734     -5.82168484E-03
   3.9393940     -3.00618354E-03
   4.1414137     -1.48509792E-03
   4.3434343     -7.02350866E-04
   4.5454540     -3.18534847E-04
   4.7474747     -1.38470001E-04
   4.9494944     -5.78880172E-05
   5.1515150     -2.31700687E-05
   5.3535347     -8.98430153E-06
   5.5555553     -3.26511099E-06
   5.7575750     -1.10355870E-06
   5.9595957     -2.65563131E-07
   6.1616154     -2.56954735E-07
   6.3636360     -3.18828697E-08
   6.5656567      1.04164046E-08
   6.7676773     -1.15025829E-08
   6.9696960      4.51321869E-09
   7.1717167      2.90373792E-09
   7.3737373      9.25081594E-08
   7.5757580     -7.89452059E-08
   7.7777767      1.58297723E-07
   7.9797974     -1.11569548E-07
   8.1818180      9.35951832E-08
   8.3838387     -3.90764150E-08
   8.5858574      9.30388850E-08
   8.7878780     -7.79818521E-08
   8.9898987      2.24419367E-07
   9.1919193     -2.49584616E-07
   9.3939400      2.43799452E-08
   9.5959587     -4.55372877E-08
   9.7979794      5.07027025E-08
   10.000000      1.03568532E-07
