  -10.000000     -3.50603152E-20
  -9.7979794     -5.74762685E-18
  -9.5959597     -2.75073569E-17
  -9.3939390     -1.47166442E-16
  -9.1919193     -7.51043733E-16
  -8.9898987     -3.73362340E-15
  -8.7878790     -1.79725534E-14
  -8.5858583     -8.37706911E-14
  -8.3838387     -3.77885115E-13
  -8.1818180     -1.64905134E-12
  -7.9797983     -6.95873437E-12
  -7.7777777     -2.83830667E-11
  -7.5757575     -1.11847913E-10
  -7.3737373     -4.25633612E-10
  -7.1717172     -1.56343793E-09
  -6.9696970     -5.54052670E-09
  -6.7676768     -1.89335303E-08
  -6.5656567     -6.23588434E-08
  -6.3636365     -1.97842169E-07
  -6.1616163     -6.04303352E-07
  -5.9595962     -1.77605079E-06
  -5.7575760     -5.01948580E-06
  -5.5555558     -1.36330282E-05
  -5.3535357     -3.55602606E-05
  -5.1515150     -8.90164010E-05
  -4.9494948     -2.13687250E-04
  -4.7474747     -4.91516083E-04
  -4.5454545     -1.08233572E-03
  -4.3434343     -2.27944460E-03
  -4.1414142     -4.58636880E-03
  -3.9393940     -8.80545657E-03
  -3.7373738     -1.61091108E-02
  -3.5353537     -2.80361380E-02
  -3.3333335     -4.63284962E-02
  -3.1313133     -7.25157484E-02
  -2.9292932     -0.10719541    
  -2.7272730     -0.14907223    
  -2.5252528     -0.19400574    
  -2.3232327     -0.23451583    
  -2.1212125     -0.26030388    
  -1.9191923     -0.26021245    
  -1.7171717     -0.22558174    
  -1.5151520     -0.15424475    
  -1.3131313     -5.36990575E-02
  -1.1111116      5.82679473E-02
 -0.90909100      0.15667748    
 -0.70707130      0.21602213    
 -0.50505066      0.21862717    
 -0.30303001      0.16162416    
 -0.10101032      5.94783649E-02
  0.10101032     -5.94792031E-02
  0.30303001     -0.16162527    
  0.50505066     -0.21862715    
  0.70707035     -0.21602082    
  0.90909100     -0.15667585    
   1.1111107     -5.82666807E-02
   1.3131313      5.36989905E-02
   1.5151510      0.15424380    
   1.7171717      0.22558057    
   1.9191914      0.26021183    
   2.1212120      0.26030415    
   2.3232317      0.23451631    
   2.5252523      0.19400583    
   2.7272720      0.14907151    
   2.9292927      0.10719428    
   3.1313133      7.25146160E-02
   3.3333330      4.63273935E-02
   3.5353537      2.80352440E-02
   3.7373734      1.61083601E-02
   3.9393940      8.80512223E-03
   4.1414137      4.58642561E-03
   4.3434343      2.27946439E-03
   4.5454540      1.08229544E-03
   4.7474747      4.91405081E-04
   4.9494944      2.13676307E-04
   5.1515150      8.90338997E-05
   5.3535347      3.56219389E-05
   5.5555553      1.37987972E-05
   5.7575750      5.16385626E-06
   5.9595957      1.81159339E-06
   6.1616154      7.36261427E-07
   6.3636360      2.71378667E-07
   6.5656567     -4.59840521E-09
   6.7676773     -1.08266249E-08
   6.9696960     -3.63215804E-08
   7.1717167     -3.02679837E-08
   7.3737373      7.93952495E-08
   7.5757580     -8.21892172E-08
   7.7777767      7.79982656E-08
   7.9797974      1.79279596E-08
   8.1818180     -9.95933078E-08
   8.3838387     -9.94186848E-08
   8.5858574      2.25845724E-08
   8.7878780     -5.55301085E-08
   8.9898987      1.96043402E-07
   9.1919193     -1.52969733E-07
   9.3939400     -1.63563527E-08
   9.5959587      8.03265721E-08
   9.7979794     -2.31739250E-08
   10.000000     -8.40518624E-08
