  -10.000000     -7.04535271E-17
  -9.7979794      8.61551158E-17
  -9.5959597      1.42561217E-16
  -9.3939390      8.73091810E-16
  -9.1919193      4.07406246E-15
  -8.9898987      1.99727472E-14
  -8.7878790      9.43545101E-14
  -8.5858583      4.31936713E-13
  -8.3838387      1.91222754E-12
  -8.1818180      8.18389106E-12
  -7.9797983      3.38436917E-11
  -7.7777777      1.35171679E-10
  -7.5757575      5.21157006E-10
  -7.3737373      1.93866900E-09
  -7.1717172      6.95444635E-09
  -6.9696970      2.40439704E-08
  -6.7676768      8.00734270E-08
  -6.5656567      2.56714628E-07
  -6.3636365      7.91814557E-07
  -6.1616163      2.34814388E-06
  -5.9595962      6.69045630E-06
  -5.7575760      1.83021275E-05
  -5.5555558      4.80314120E-05
  -5.3535357      1.20827826E-04
  -5.1515150      2.91096309E-04
  -4.9494948      6.70978567E-04
  -4.7474747      1.47814502E-03
  -4.5454545      3.10842181E-03
  -4.3434343      6.23147376E-03
  -4.1414142      1.18904067E-02
  -3.9393940      2.15563104E-02
  -3.7373738      3.70503627E-02
  -3.5353537      6.02164976E-02
  -3.3333335      9.22409594E-02
  -3.1313133      0.13261141    
  -2.9292932      0.17791210    
  -2.7272730      0.22093707    
  -2.5252528      0.25083238    
  -2.3232327      0.25495896    
  -2.1212125      0.22270046    
  -1.9191923      0.15050045    
  -1.7171717      4.62937467E-02
  -1.5151520     -6.91463575E-02
  -1.3131313     -0.16596635    
  -1.1111116     -0.21422166    
 -0.90909100     -0.19551070    
 -0.70707130     -0.11242547    
 -0.50505066      9.17540863E-03
 -0.30303001      0.12754112    
 -0.10101032      0.20008856    
  0.10101032      0.20008984    
  0.30303001      0.12754382    
  0.50505066      9.17826407E-03
  0.70707035     -0.11242308    
  0.90909100     -0.19551051    
   1.1111107     -0.21422403    
   1.3131313     -0.16596998    
   1.5151510     -6.91507384E-02
   1.7171717      4.62912694E-02
   1.9191914      0.15050066    
   2.1212120      0.22270346    
   2.3232317      0.25496402    
   2.5252523      0.25083813    
   2.7272720      0.22094239    
   2.9292927      0.17791593    
   3.1313133      0.13261385    
   3.3333330      9.22428593E-02
   3.5353537      6.02179319E-02
   3.7373734      3.70513201E-02
   3.9393940      2.15569697E-02
   4.1414137      1.18908091E-02
   4.3434343      6.23179367E-03
   4.5454540      3.10866325E-03
   4.7474747      1.47829892E-03
   4.9494944      6.70984620E-04
   5.1515150      2.90992524E-04
   5.3535347      1.20802506E-04
   5.5555553      4.81649804E-05
   5.7575750      1.82333224E-05
   5.9595957      6.74510466E-06
   6.1616154      2.41721182E-06
   6.3636360      7.71325972E-07
   6.5656567      2.65599056E-07
   6.7676773      1.41313649E-07
   6.9696960      9.69844223E-08
   7.1717167      9.22627805E-08
   7.3737373      1.79588824E-08
   7.5757580     -9.12623364E-08
   7.7777767      1.53257133E-07
   7.9797974     -1.20279765E-07
   8.1818180      1.12617727E-07
   8.3838387     -4.00877980E-08
   8.5858574      5.53591235E-08
   8.7878780     -7.03040541E-08
   8.9898987     -1.00968464E-07
   9.1919193     -5.26579242E-08
   9.3939400     -2.19311005E-08
   9.5959587     -3.86899046E-09
   9.7979794      2.64726623E-08
   10.000000     -8.32187652E-09
