  -10.000000      7.31946750E-15
  -9.7979794     -5.35396058E-15
  -9.5959597      2.89320276E-16
  -9.3939390     -1.00896964E-14
  -9.1919193     -1.90781212E-14
  -8.9898987     -9.73372519E-14
  -8.7878790     -4.40153393E-13
  -8.5858583     -1.98156552E-12
  -8.3838387     -8.60725120E-12
  -8.1818180     -3.61161379E-11
  -7.9797983     -1.46314641E-10
  -7.7777777     -5.72013492E-10
  -7.5757575     -2.15683693E-09
  -7.3737373     -7.83922260E-09
  -7.1717172     -2.74483583E-08
  -6.9696970     -9.25289783E-08
  -6.7676768     -3.00106819E-07
  -6.5656567     -9.35866353E-07
  -6.3636365     -2.80400354E-06
  -6.1616163     -8.06563730E-06
  -5.9595962     -2.22556282E-05
  -5.7575760     -5.88575822E-05
  -5.5555558     -1.49044572E-04
  -5.3535357     -3.61022481E-04
  -5.1515150     -8.35536106E-04
  -4.9494948     -1.84528180E-03
  -4.7474747     -3.88341350E-03
  -4.5454545     -7.77530763E-03
  -4.3434343     -1.47830360E-02
  -4.1414142     -2.66314317E-02
  -3.9393940     -4.53371741E-02
  -3.7373738     -7.26963282E-02
  -3.5353537     -0.10932945    
  -3.3333335     -0.15335423    
  -3.1313133     -0.19906259    
  -2.9292932     -0.23634651    
  -2.7272730     -0.25181764    
  -2.5252528     -0.23230438    
  -2.3232327     -0.17045772    
  -2.1212125     -7.07338303E-02
  -1.9191923      4.72987704E-02
  -1.7171717      0.15151151    
  -1.5151520      0.20691514    
  -1.3131313      0.19014716    
  -1.1111116      0.10262167    
 -0.90909100     -2.51420885E-02
 -0.70707130     -0.14262843    
 -0.50505066     -0.19991267    
 -0.30303001     -0.17081855    
 -0.10101032     -6.67791143E-02
  0.10101032      6.67811334E-02
  0.30303001      0.17081951    
  0.50505066      0.19991156    
  0.70707035      0.14262621    
  0.90909100      2.51404420E-02
   1.1111107     -0.10262219    
   1.3131313     -0.19014564    
   1.5151510     -0.20691250    
   1.7171717     -0.15150936    
   1.9191914     -4.72978987E-02
   2.1212120      7.07314610E-02
   2.3232317      0.17045215    
   2.5252523      0.23229676    
   2.7272720      0.25180873    
   2.9292927      0.23633707    
   3.1313133      0.19905397    
   3.3333330      0.15334710    
   3.5353537      0.10932440    
   3.7373734      7.26929158E-02
   3.9393940      4.53350283E-02
   4.1414137      2.66299900E-02
   4.3434343      1.47825712E-02
   4.5454540      7.77518330E-03
   4.7474747      3.88344098E-03
   4.9494944      1.84546714E-03
   5.1515150      8.35529296E-04
   5.3535347      3.61183833E-04
   5.5555553      1.49069907E-04
   5.7575750      5.87545110E-05
   5.9595957      2.20870461E-05
   6.1616154      8.01937858E-06
   6.3636360      2.78593780E-06
   6.5656567      8.71707584E-07
   6.7676773      2.17079815E-07
   6.9696960      3.97420585E-09
   7.1717167     -4.89404215E-08
   7.3737373      6.48012843E-08
   7.5757580      8.84618601E-08
   7.7777767      1.00802239E-07
   7.9797974      7.36439887E-08
   8.1818180     -1.00568487E-08
   8.3838387      7.03892056E-10
   8.5858574     -8.91942378E-08
   8.7878780     -7.81594949E-08
   8.9898987     -3.43639712E-08
   9.1919193      8.89317420E-08
   9.3939400     -6.58472104E-08
   9.5959587      1.70443812E-07
   9.7979794      9.20318897E-08
   10.000000     -8.08523879E-08
