  -10.000000      1.35579184E-21
  -9.7979794      8.19522810E-21
  -9.5959597      4.68041053E-20
  -9.3939390      2.59404357E-19
  -9.1919193      1.39568851E-18
  -8.9898987      7.28787065E-18
  -8.7878790      3.69214713E-17
  -8.5858583      1.81420772E-16
  -8.3838387      8.64348842E-16
  -8.1818180      3.99159364E-15
  -7.9797983      1.78615955E-14
  -7.7777777      7.74232160E-14
  -7.5757575      3.24982229E-13
  -7.3737373      1.32051531E-12
  -7.1717172      5.19256990E-12
  -6.9696970      1.97530239E-11
  -6.7676768      7.26701130E-11
  -6.5656567      2.58467941E-10
  -6.3636365      8.88472684E-10
  -6.1616163      2.95070834E-09
  -5.9595962      9.46481027E-09
  -5.7575760      2.93130196E-08
  -5.5555558      8.76258284E-08
  -5.3535357      2.52748180E-07
  -5.1515150      7.03218632E-07
  -4.9494948      1.88670265E-06
  -4.7474747      4.87970465E-06
  -4.5454545      1.21626290E-05
  -4.3434343      2.92062978E-05
  -4.1414142      6.75480551E-05
  -3.9393940      1.50422566E-04
  -3.7373738      3.22444976E-04
  -3.5353537      6.65154774E-04
  -3.3333335      1.32008281E-03
  -3.1313133      2.51988810E-03
  -2.9292932      4.62549785E-03
  -2.7272730      8.16266052E-03
  -2.5252528      1.38454242E-02
  -2.3232327      2.25679372E-02
  -2.1212125      3.53430621E-02
  -1.9191923      5.31697534E-02
  -1.7171717      7.68246204E-02
  -1.5151520      0.10659730    
  -1.3131313      0.14201796    
  -1.1111116      0.18165174    
 -0.90909100      0.22304326    
 -0.70707130      0.26287776    
 -0.50505066      0.29737502    
 -0.30303001      0.32286298    
 -0.10101032      0.33641741    
  0.10101032      0.33641678    
  0.30303001      0.32286048    
  0.50505066      0.29737177    
  0.70707035      0.26287428    
  0.90909100      0.22303918    
   1.1111107      0.18164721    
   1.3131313      0.14201421    
   1.5151510      0.10659388    
   1.7171717      7.68206641E-02
   1.9191914      5.31667955E-02
   2.1212120      3.53412554E-02
   2.3232317      2.25671362E-02
   2.5252523      1.38448561E-02
   2.7272720      8.16227496E-03
   2.9292927      4.62536188E-03
   3.1313133      2.52000499E-03
   3.3333330      1.32018456E-03
   3.5353537      6.65177766E-04
   3.7373734      3.22394888E-04
   3.9393940      1.50617168E-04
   4.1414137      6.75235860E-05
   4.3434343      2.91906053E-05
   4.5454540      1.22007878E-05
   4.7474747      4.95959193E-06
   4.9494944      1.93870142E-06
   5.1515150      6.61355443E-07
   5.3535347      9.17445178E-08
   5.5555553      5.83820565E-08
   5.7575750      1.19849574E-07
   5.9595957      4.39615633E-08
   6.1616154     -1.29784894E-09
   6.3636360     -9.82217898E-08
   6.5656567     -1.32338755E-07
   6.7676773     -5.68979885E-08
   6.9696960     -8.76025297E-08
   7.1717167     -1.98779162E-08
   7.3737373     -2.47964635E-08
   7.5757580      1.22818165E-07
   7.7777767     -1.96741894E-08
   7.9797974      8.75443220E-08
   8.1818180     -2.09081918E-07
   8.3838387      8.76607373E-08
   8.5858574     -6.08706614E-08
   8.7878780     -6.97327778E-08
   8.9898987      6.61239028E-08
   9.1919193     -1.71508873E-07
   9.3939400      5.13391569E-08
   9.5959587     -6.04195520E-08
   9.7979794     -1.39727490E-07
   10.000000      1.18161552E-07
