#Adrien Atallah
#Project 4

#Wave Function vs. x for ground state of Woods-Saxon Potential  

  -20.000000      6.56443007E-08
  -19.595959     -5.56873267E-08
  -19.191919     -5.03303994E-08
  -18.787878      8.32928393E-09
  -18.383839     -5.24686570E-08
  -17.979797     -1.16786261E-07
  -17.575758     -1.28052534E-07
  -17.171717     -3.07484839E-07
  -16.767677     -5.68482392E-07
  -16.363636     -1.02951253E-06
  -15.959596     -1.91182448E-06
  -15.555555     -3.57572321E-06
  -15.151515     -6.48146124E-06
  -14.747475     -1.21338380E-05
  -14.343434     -2.24301421E-05
  -13.939394     -4.14958886E-05
  -13.535354     -7.67064193E-05
  -13.131313     -1.41822704E-04
  -12.727273     -2.62356421E-04
  -12.323233     -4.85134136E-04
  -11.919192     -8.97079706E-04
  -11.515152     -1.65896036E-03
  -11.111112     -3.06754094E-03
  -10.707071     -5.66774514E-03
  -10.303030     -1.04150707E-02
  -9.8989897     -1.84859075E-02
  -9.4949493     -2.92277057E-02
  -9.0909090     -4.07150127E-02
  -8.6868687     -5.22217974E-02
  -8.2828283     -6.35660067E-02
  -7.8787880     -7.46819824E-02
  -7.4747477     -8.55253190E-02
  -7.0707073     -9.60553437E-02
  -6.6666670     -0.10623360    
  -6.2626266     -0.11602292    
  -5.8585863     -0.12538703    
  -5.4545460     -0.13429198    
  -5.0505052     -0.14270507    
  -4.6464648     -0.15059559    
  -4.2424245     -0.15793434    
  -3.8383842     -0.16469507    
  -3.4343438     -0.17085229    
  -3.0303035     -0.17638372    
  -2.6262629     -0.18126893    
  -2.2222226     -0.18549033    
  -1.8181822     -0.18903238    
  -1.4141418     -0.19188188    
  -1.0101013     -0.19402853    
 -0.60606098     -0.19546454    
 -0.20202059     -0.19618434    
  0.20201981     -0.19618542    
  0.60606021     -0.19546770    
   1.0101006     -0.19403389    
   1.4141409     -0.19188900    
   1.8181814     -0.18904121    
   2.2222219     -0.18550067    
   2.6262622     -0.18128045    
   3.0303025     -0.17639613    
   3.4343429     -0.17086548    
   3.8383834     -0.16470884    
   4.2424240     -0.15794867    
   4.6464643     -0.15060979    
   5.0505047     -0.14271919    
   5.4545450     -0.13430531    
   5.8585854     -0.12539960    
   6.2626257     -0.11603465    
   6.6666660     -0.10624439    
   7.0707064     -9.60649103E-02
   7.4747467     -8.55338499E-02
   7.8787875     -7.46893287E-02
   8.2828274     -6.35719672E-02
   8.6868677     -5.22266328E-02
   9.0909081     -4.07189801E-02
   9.4949493     -2.92303748E-02
   9.8989897     -1.84876639E-02
   10.303030     -1.04161948E-02
   10.707070     -5.66814747E-03
   11.111111     -3.06761125E-03
   11.515151     -1.65892404E-03
   11.919191     -8.96953978E-04
   12.323232     -4.84802818E-04
   12.727272     -2.61968031E-04
   13.131312     -1.41509212E-04
   13.535353     -7.63486969E-05
   13.939393     -4.12251356E-05
   14.343433     -2.22403050E-05
   14.747474     -1.21137991E-05
   15.151514     -6.56520569E-06
   15.555555     -3.53073983E-06
   15.959596     -1.96590327E-06
   16.363636     -1.07683684E-06
   16.767675     -5.62349101E-07
   17.171717     -2.67868273E-07
   17.575756     -1.06705642E-07
   17.979797      3.62431085E-09
   18.383837      5.07897049E-08
   18.787878      1.89015399E-08
   19.191919     -9.52946309E-08
   19.595959     -9.47573664E-09
   20.000000      2.03816199E-08
