   1902.0000       54.702759    
   1904.0000       54.793522    
   1906.0000       54.881767    
   1908.0000       54.967495    
   1910.0000       55.050705    
   1912.0000       55.131393    
   1914.0000       55.209560    
   1916.0000       55.285213    
   1918.0000       55.358345    
   1920.0000       55.428959    
   1922.0000       55.497051    
   1924.0000       55.562626    
   1926.0000       55.625683    
   1928.0000       55.686218    
   1930.0000       55.744236    
   1932.0000       55.799736    
   1934.0000       55.852715    
   1936.0000       55.903175    
   1938.0000       55.951115    
   1940.0000       55.996540    
   1942.0000       56.039444    
   1944.0000       56.079826    
   1946.0000       56.117691    
   1948.0000       56.153038    
   1950.0000       56.185867    
   1952.0000       56.216175    
   1954.0000       56.243965    
   1956.0000       56.269234    
   1958.0000       56.291985    
   1960.0000       56.312218    
   1962.0000       56.329933    
   1964.0000       56.345127    
   1966.0000       56.357800    
   1968.0000       56.367958    
   1970.0000       56.375595    
   1972.0000       56.380714    
   1974.0000       56.383312    
   1976.0000       56.383392    
   1978.0000       56.380955    
   1980.0000       56.375996    
   1982.0000       56.368519    
   1984.0000       56.358524    
   1986.0000       56.346008    
   1988.0000       56.330975    
   1990.0000       56.313423    
   1992.0000       56.293350    
   1994.0000       56.270760    
   1996.0000       56.245647    
   1998.0000       56.218018    
   2000.0000       56.187870    
   2002.0000       56.155205    
   2004.0000       56.120018    
   2006.0000       56.082314    
   2008.0000       56.042088    
   2010.0000       55.999348    
   2012.0000       55.954082    
   2014.0000       55.906303    
   2016.0000       55.856003    
   2018.0000       55.803185    
   2020.0000       55.747845    
   2022.0000       55.689987    
   2024.0000       55.629612    
   2026.0000       55.566715    
   2028.0000       55.501301    
   2030.0000       55.433369    
   2032.0000       55.362915    
   2034.0000       55.289944    
   2036.0000       55.214455    
   2038.0000       55.136444    
   2040.0000       55.055916    
   2042.0000       54.972870    
   2044.0000       54.887302    
   2046.0000       54.799217    
   2048.0000       54.708614    
   2050.0000       54.615490    
