 # Adrien Atallah
 # Project 6
 # Contains the norm, expectation value and variance
 # 1st column: norm, 2nd: expectation value, 3rd: variance
  0.78286260     -3.97288915E-07   1.5282286    
  0.72699779     -2.53320195E-06   2.0909615    
  0.69218612     -4.90918364E-06   2.6811919    
  0.67446852     -8.13443603E-06   3.3533244    
  0.69151926     -9.26582925E-06   4.1823850    
  0.64880079     -9.18689420E-06   4.4250808    
  0.49099573     -1.17336285E-05   3.4682837    
  0.47483435     -4.18947138E-06   4.1423497    
  0.55610234     -3.48344338E-06   5.2500048    
  0.65125161     -7.65362893E-06   5.6351752    
  0.73385841     -1.27922931E-05   5.6773548    
  0.80473268     -1.79891758E-05   5.5427313    
  0.77524978     -1.82312233E-05   5.5294261    
  0.70422059     -1.74250890E-05   5.5321126    
  0.78960550     -1.19693459E-05   4.9349475    
  0.86123198     -9.50752928E-06   4.4792500    
  0.84932226     -8.94344521E-06   4.3640041    
  0.77806818     -9.85448605E-06   4.5327268    
  0.68036830     -5.73685293E-06   4.8570657    
  0.52610290      2.71287576E-07   4.9660835    
