 # Adrien Atallah
 # Project 6
 # Contains the probability density as a function of x
 # with dt =   0.50000000     width of gauss =   0.50000000    
 # x, probability density
  -5.0000000      2.79802748E-06
  -4.6551723      9.03381806E-06
  -4.3103447      7.18447154E-06
  -3.9655173      4.24119298E-06
  -3.6206896      2.08160811E-04
  -3.2758620      1.19756663E-03
  -2.9310346      2.91500799E-03
  -2.5862069      2.60793301E-03
  -2.2413793      1.05352628E-05
  -1.8965516      1.57441031E-02
  -1.5517240      8.68235528E-02
  -1.2068965      0.20290445    
 -0.86206913      0.28355953    
 -0.51724148      0.28425619    
 -0.17241383      0.25490087    
  0.17241383      0.25490081    
  0.51724148      0.28425613    
  0.86206913      0.28355926    
   1.2068968      0.20290445    
   1.5517244      8.68234783E-02
   1.8965521      1.57440472E-02
   2.2413793      1.05332529E-05
   2.5862069      2.60795630E-03
   2.9310346      2.91501987E-03
   3.2758617      1.19756511E-03
   3.6206894      2.08158424E-04
   3.9655170      4.24080645E-06
   4.3103447      7.18467618E-06
   4.6551723      9.03359705E-06
   5.0000000      2.79793949E-06
  -5.0000000      4.04497550E-05
  -4.6551723      5.87252362E-05
  -4.3103447      3.67857137E-06
  -3.9655173      7.19838543E-04
  -3.6206896      4.09800140E-03
  -3.2758620      9.20084026E-03
  -2.9310346      8.21699109E-03
  -2.5862069      3.03158857E-04
  -2.2413793      1.58627145E-02
  -1.8965516      8.76371562E-02
  -1.5517240      0.18018076    
  -1.2068965      0.22067213    
 -0.86206913      0.20191543    
 -0.51724148      0.17069840    
 -0.17241383      0.15453972    
  0.17241383      0.15453959    
  0.51724148      0.17069793    
  0.86206913      0.20191480    
   1.2068968      0.22067165    
   1.5517244      0.18018043    
   1.8965521      8.76370519E-02
   2.2413793      1.58626661E-02
   2.5862069      3.03170906E-04
   2.9310346      8.21704417E-03
   3.2758617      9.20086447E-03
   3.6206894      4.09800140E-03
   3.9655170      7.19833246E-04
   4.3103447      3.67811072E-06
   4.6551723      5.87261275E-05
   5.0000000      4.04501261E-05
  -5.0000000      1.82079821E-05
  -4.6551723      6.80666635E-05
  -4.3103447      2.08675861E-03
  -3.9655173      9.77425650E-03
  -3.6206896      1.89751368E-02
  -3.2758620      1.47733688E-02
  -2.9310346      6.29103917E-04
  -2.5862069      1.79109704E-02
  -2.2413793      8.67703930E-02
  -1.8965516      0.15504794    
  -1.5517240      0.17135485    
  -1.2068965      0.15150483    
 -0.86206913      0.13158181    
 -0.51724148      0.12276798    
 -0.17241383      0.12040770    
  0.17241383      0.12040747    
  0.51724148      0.12276746    
  0.86206913      0.13158134    
   1.2068968      0.15150413    
   1.5517244      0.17135425    
   1.8965521      0.15504752    
   2.2413793      8.67701471E-02
   2.5862069      1.79108866E-02
   2.9310346      6.29122951E-04
   3.2758617      1.47734629E-02
   3.6206894      1.89751815E-02
   3.9655170      9.77425929E-03
   4.3103447      2.08674627E-03
   4.6551723      6.80637750E-05
   5.0000000      1.82091735E-05
  -5.0000000      1.57307216E-03
  -4.6551723      8.55333637E-03
  -4.3103447      2.25932822E-02
  -3.9655173      3.20853628E-02
  -3.6206896      1.93530340E-02
  -3.2758620      3.61451763E-04
  -2.9310346      2.06996389E-02
  -2.5862069      8.02776888E-02
  -2.2413793      0.12521987    
  -1.8965516      0.13145673    
  -1.5517240      0.12155793    
  -1.2068965      0.11422995    
 -0.86206913      0.10820974    
 -0.51724148      9.95265394E-02
 -0.17241383      9.22833532E-02
  0.17241383      9.22833830E-02
  0.51724148      9.95264426E-02
  0.86206913      0.10820931    
   1.2068968      0.11422946    
   1.5517244      0.12155716    
   1.8965521      0.13145599    
   2.2413793      0.12521937    
   2.5862069      8.02773684E-02
   2.9310346      2.06994973E-02
   3.2758617      3.61465791E-04
   3.6206894      1.93531252E-02
   3.9655170      3.20854224E-02
   4.3103447      2.25932691E-02
   4.6551723      8.55330750E-03
   5.0000000      1.57306215E-03
  -5.0000000      1.84630640E-02
  -4.6551723      5.31299748E-02
  -4.3103447      6.08006492E-02
  -3.9655173      2.79480517E-02
  -3.6206896      2.37140775E-04
  -3.2758620      2.20665317E-02
  -2.9310346      6.97324947E-02
  -2.5862069      9.76550803E-02
  -2.2413793      0.10284652    
  -1.8965516      0.10364830    
  -1.5517240      0.10438330    
  -1.2068965      9.89724770E-02
 -0.86206913      8.81718248E-02
 -0.51724148      7.92516395E-02
 -0.17241383      7.53975809E-02
  0.17241383      7.53975511E-02
  0.51724148      7.92517066E-02
  0.86206913      8.81718025E-02
   1.2068968      9.89722013E-02
   1.5517244      0.10438275    
   1.8965521      0.10364754    
   2.2413793      0.10284568    
   2.5862069      9.76544991E-02
   2.9310346      6.97322413E-02
   3.2758617      2.20663957E-02
   3.6206894      2.37144457E-04
   3.9655170      2.79480666E-02
   4.3103447      6.08006902E-02
   4.6551723      5.31300157E-02
   5.0000000      1.84630696E-02
  -5.0000000      3.29955369E-02
  -4.6551723      7.04693049E-02
  -4.3103447      4.52096872E-02
  -3.9655173      3.93705163E-03
  -3.6206896      1.02077806E-02
  -3.2758620      4.60629761E-02
  -2.9310346      7.28394240E-02
  -2.5862069      8.73557702E-02
  -2.2413793      9.74103510E-02
  -1.8965516      0.10002778    
  -1.5517240      9.20119807E-02
  -1.2068965      8.00884739E-02
 -0.86206913      7.14186952E-02
 -0.51724148      6.65827394E-02
 -0.17241383      6.41449988E-02
  0.17241383      6.41449690E-02
  0.51724148      6.65827543E-02
  0.86206913      7.14187101E-02
   1.2068968      8.00883695E-02
   1.5517244      9.20117348E-02
   1.8965521      0.10002720    
   2.2413793      9.74096805E-02
   2.5862069      8.73550102E-02
   2.9310346      7.28389099E-02
   3.2758617      4.60628793E-02
   3.6206894      1.02077741E-02
   3.9655170      3.93703859E-03
   4.3103447      4.52097170E-02
   4.6551723      7.04694167E-02
   5.0000000      3.29956189E-02
  -5.0000000      3.21080396E-03
  -4.6551723      5.24456892E-03
  -4.3103447      1.50982488E-03
  -3.9655173      5.43185393E-04
  -3.6206896      8.82808957E-03
  -3.2758620      2.84290332E-02
  -2.9310346      5.90534322E-02
  -2.5862069      8.92044976E-02
  -2.2413793      0.10093158    
  -1.8965516      9.30701643E-02
  -1.5517240      7.97069147E-02
  -1.2068965      6.94216192E-02
 -0.86206913      6.21004328E-02
 -0.51724148      5.67666553E-02
 -0.17241383      5.39241806E-02
  0.17241383      5.39242364E-02
  0.51724148      5.67666553E-02
  0.86206913      6.21002913E-02
   1.2068968      6.94214925E-02
   1.5517244      7.97067508E-02
   1.8965521      9.30699483E-02
   2.2413793      0.10093111    
   2.5862069      8.92038718E-02
   2.9310346      5.90530485E-02
   3.2758617      2.84287557E-02
   3.6206894      8.82804394E-03
   3.9655170      5.43184811E-04
   4.3103447      1.50981732E-03
   4.6551723      5.24457125E-03
   5.0000000      3.21079767E-03
  -5.0000000      1.83529053E-02
  -4.6551723      3.80838439E-02
  -4.3103447      2.77179927E-02
  -3.9655173      1.12725357E-02
  -3.6206896      7.16588274E-03
  -3.2758620      1.56137515E-02
  -2.9310346      3.82978097E-02
  -2.5862069      6.50088117E-02
  -2.2413793      8.20407793E-02
  -1.8965516      8.64666849E-02
  -1.5517240      8.04097280E-02
  -1.2068965      6.81683645E-02
 -0.86206913      5.62088601E-02
 -0.51724148      4.85232957E-02
 -0.17241383      4.51793596E-02
  0.17241383      4.51793000E-02
  0.51724148      4.85231690E-02
  0.86206913      5.62087595E-02
   1.2068968      6.81681633E-02
   1.5517244      8.04095268E-02
   1.8965521      8.64665285E-02
   2.2413793      8.20405930E-02
   2.5862069      6.50087222E-02
   2.9310346      3.82975340E-02
   3.2758617      1.56135373E-02
   3.6206894      7.16573000E-03
   3.9655170      1.12724621E-02
   4.3103447      2.77180579E-02
   4.6551723      3.80840413E-02
   5.0000000      1.83530431E-02
  -5.0000000      3.19994465E-02
  -4.6551723      8.59889686E-02
  -4.3103447      0.10183464    
  -3.9655173      7.64966309E-02
  -3.6206896      4.21401151E-02
  -3.2758620      2.09843684E-02
  -2.9310346      1.58699099E-02
  -2.5862069      2.46700421E-02
  -2.2413793      4.62728925E-02
  -1.8965516      6.89683706E-02
  -1.5517240      7.74518102E-02
  -1.2068965      7.07782283E-02
 -0.86206913      5.77473119E-02
 -0.51724148      4.59050909E-02
 -0.17241383      3.92410234E-02
  0.17241383      3.92409787E-02
  0.51724148      4.59050089E-02
  0.86206913      5.77471964E-02
   1.2068968      7.07781389E-02
   1.5517244      7.74516761E-02
   1.8965521      6.89682141E-02
   2.2413793      4.62728441E-02
   2.5862069      2.46699583E-02
   2.9310346      1.58698317E-02
   3.2758617      2.09842250E-02
   3.6206894      4.21399176E-02
   3.9655170      7.64964148E-02
   4.3103447      0.10183468    
   4.6551723      8.59891996E-02
   5.0000000      3.19995582E-02
  -5.0000000      1.36880632E-02
  -4.6551723      6.36980310E-02
  -4.3103447      0.14094992    
  -3.9655173      0.17966159    
  -3.6206896      0.13663110    
  -3.2758620      6.40347376E-02
  -2.9310346      2.16765814E-02
  -2.5862069      1.00749619E-02
  -2.2413793      1.33884549E-02
  -1.8965516      2.81543285E-02
  -1.5517240      4.94813584E-02
  -1.2068965      6.35606125E-02
 -0.86206913      6.22576363E-02
 -0.51724148      5.23479655E-02
 -0.17241383      4.47099395E-02
  0.17241383      4.47100103E-02
  0.51724148      5.23480065E-02
  0.86206913      6.22576587E-02
   1.2068968      6.35605827E-02
   1.5517244      4.94813994E-02
   1.8965521      2.81543434E-02
   2.2413793      1.33883497E-02
   2.5862069      1.00748856E-02
   2.9310346      2.16765366E-02
   3.2758617      6.40346929E-02
   3.6206894      0.13663118    
   3.9655170      0.17966141    
   4.3103447      0.14094949    
   4.6551723      6.36976883E-02
   5.0000000      1.36879785E-02
  -5.0000000      1.49681475E-02
  -4.6551723      5.73255941E-02
  -4.3103447      0.11752556    
  -3.9655173      0.17465605    
  -3.6206896      0.19584814    
  -3.2758620      0.15720655    
  -2.9310346      8.15891698E-02
  -2.5862069      2.43449099E-02
  -2.2413793      4.77660168E-03
  -1.8965516      3.18982406E-03
  -1.5517240      1.06517496E-02
  -1.2068965      2.91973893E-02
 -0.86206913      5.16527481E-02
 -0.51724148      6.73751757E-02
 -0.17241383      7.37880617E-02
  0.17241383      7.37880617E-02
  0.51724148      6.73753470E-02
  0.86206913      5.16528822E-02
   1.2068968      2.91975066E-02
   1.5517244      1.06517524E-02
   1.8965521      3.18979356E-03
   2.2413793      4.77659749E-03
   2.5862069      2.43448578E-02
   2.9310346      8.15889984E-02
   3.2758617      0.15720667    
   3.6206894      0.19584794    
   3.9655170      0.17465553    
   4.3103447      0.11752493    
   4.6551723      5.73249944E-02
   5.0000000      1.49679361E-02
  -5.0000000      2.04752367E-02
  -4.6551723      6.09501153E-02
  -4.3103447      9.83410403E-02
  -3.9655173      0.13754979    
  -3.6206896      0.17996986    
  -3.2758620      0.19718698    
  -2.9310346      0.15865447    
  -2.5862069      8.19695890E-02
  -2.2413793      2.09614635E-02
  -1.8965516      9.84128215E-04
  -1.5517240      2.68741551E-05
  -1.2068965      2.13813852E-03
 -0.86206913      2.37879809E-02
 -0.51724148      7.10230395E-02
 -0.17241383      0.11284538    
  0.17241383      0.11284545    
  0.51724148      7.10230917E-02
  0.86206913      2.37880684E-02
   1.2068968      2.13814713E-03
   1.5517244      2.68747426E-05
   1.8965521      9.84131475E-04
   2.2413793      2.09614765E-02
   2.5862069      8.19696561E-02
   2.9310346      0.15865450    
   3.2758617      0.19718635    
   3.6206894      0.17996906    
   3.9655170      0.13754888    
   4.3103447      9.83402133E-02
   4.6551723      6.09497316E-02
   5.0000000      2.04751212E-02
  -5.0000000      1.06865913E-02
  -4.6551723      4.57556397E-02
  -4.3103447      9.83229056E-02
  -3.9655173      0.14155975    
  -3.6206896      0.16103077    
  -3.2758620      0.16713628    
  -2.9310346      0.16159675    
  -2.5862069      0.12672332    
  -2.2413793      6.46724477E-02
  -1.8965516      1.52373854E-02
  -1.5517240      5.51251462E-04
  -1.2068965      5.24434581E-05
 -0.86206913      6.78495644E-03
 -0.51724148      4.05737050E-02
 -0.17241383      8.34297165E-02
  0.17241383      8.34296793E-02
  0.51724148      4.05736752E-02
  0.86206913      6.78490754E-03
   1.2068968      5.24410425E-05
   1.5517244      5.51253557E-04
   1.8965521      1.52374646E-02
   2.2413793      6.46726713E-02
   2.5862069      0.12672338    
   2.9310346      0.16159661    
   3.2758617      0.16713563    
   3.6206894      0.16102953    
   3.9655170      0.14155875    
   4.3103447      9.83223245E-02
   4.6551723      4.57554087E-02
   5.0000000      1.06865866E-02
  -5.0000000      7.89102074E-03
  -4.6551723      3.41497883E-02
  -4.3103447      7.90056363E-02
  -3.9655173      0.12824656    
  -3.6206896      0.15757293    
  -3.2758620      0.15477759    
  -2.9310346      0.13172169    
  -2.5862069      0.10727533    
  -2.2413793      8.63183886E-02
  -1.8965516      6.26775101E-02
  -1.5517240      3.64039578E-02
  -1.2068965      1.67414788E-02
 -0.86206913      7.70932622E-03
 -0.51724148      5.32054761E-03
 -0.17241383      5.30972239E-03
  0.17241383      5.30971261E-03
  0.51724148      5.32051641E-03
  0.86206913      7.70930247E-03
   1.2068968      1.67414956E-02
   1.5517244      3.64040360E-02
   1.8965521      6.26776740E-02
   2.2413793      8.63185748E-02
   2.5862069      0.10727533    
   2.9310346      0.13172111    
   3.2758617      0.15477692    
   3.6206894      0.15757224    
   3.9655170      0.12824577    
   4.3103447      7.90051669E-02
   4.6551723      3.41495425E-02
   5.0000000      7.89093226E-03
  -5.0000000      1.04761925E-02
  -4.6551723      3.30048762E-02
  -4.3103447      5.88570908E-02
  -3.9655173      8.99193436E-02
  -3.6206896      0.12034643    
  -3.2758620      0.13188857    
  -2.9310346      0.12054791    
  -2.5862069      0.10613094    
  -2.2413793      0.10698498    
  -1.8965516      0.12122475    
  -1.5517240      0.12116285    
  -1.2068965      7.73758888E-02
 -0.86206913      1.66877657E-02
 -0.51724148      2.26310804E-03
 -0.17241383      2.80581489E-02
  0.17241383      2.80581135E-02
  0.51724148      2.26308405E-03
  0.86206913      1.66879296E-02
   1.2068968      7.73761868E-02
   1.5517244      0.12116316    
   1.8965521      0.12122487    
   2.2413793      0.10698469    
   2.5862069      0.10613057    
   2.9310346      0.12054759    
   3.2758617      0.13188818    
   3.6206894      0.12034599    
   3.9655170      8.99191499E-02
   4.3103447      5.88565432E-02
   4.6551723      3.30045186E-02
   5.0000000      1.04760909E-02
  -5.0000000      6.95377355E-03
  -4.6551723      2.62396559E-02
  -4.3103447      4.79534082E-02
  -3.9655173      6.01065606E-02
  -3.6206896      6.74926862E-02
  -3.2758620      8.53759795E-02
  -2.9310346      0.12064457    
  -2.5862069      0.16328441    
  -2.2413793      0.19314355    
  -1.8965516      0.19220328    
  -1.5517240      0.14836629    
  -1.2068965      7.06038773E-02
 -0.86206913      7.81660434E-03
 -0.51724148      9.74330679E-03
 -0.17241383      4.88596298E-02
  0.17241383      4.88595180E-02
  0.51724148      9.74310841E-03
  0.86206913      7.81675614E-03
   1.2068968      7.06043839E-02
   1.5517244      0.14836657    
   1.8965521      0.19220300    
   2.2413793      0.19314297    
   2.5862069      0.16328382    
   2.9310346      0.12064430    
   3.2758617      8.53758082E-02
   3.6206894      6.74923956E-02
   3.9655170      6.01060465E-02
   4.3103447      4.79532331E-02
   4.6551723      2.62394715E-02
   5.0000000      6.95372373E-03
  -5.0000000      3.19170230E-03
  -4.6551723      1.12527786E-02
  -4.3103447      2.11321879E-02
  -3.9655173      3.18603478E-02
  -3.6206896      4.80255298E-02
  -3.2758620      8.16453621E-02
  -2.9310346      0.14759265    
  -2.5862069      0.23626958    
  -2.2413793      0.28301120    
  -1.8965516      0.22526675    
  -1.5517240      0.10486510    
  -1.2068965      2.04024855E-02
 -0.86206913      2.02716095E-07
 -0.51724148      6.07619667E-03
 -0.17241383      1.09265707E-02
  0.17241383      1.09264674E-02
  0.51724148      6.07609935E-03
  0.86206913      2.01746872E-07
   1.2068968      2.04026215E-02
   1.5517244      0.10486524    
   1.8965521      0.22526650    
   2.2413793      0.28301093    
   2.5862069      0.23626924    
   2.9310346      0.14759204    
   3.2758617      8.16448033E-02
   3.6206894      4.80251573E-02
   3.9655170      3.18601653E-02
   4.3103447      2.11320445E-02
   4.6551723      1.12528168E-02
   5.0000000      3.19171604E-03
  -5.0000000      1.12637550E-04
  -4.6551723      4.03550133E-04
  -4.3103447      2.44338438E-03
  -3.9655173      1.54361632E-02
  -3.6206896      5.89216612E-02
  -3.2758620      0.13867006    
  -2.9310346      0.22265252    
  -2.5862069      0.26045948    
  -2.2413793      0.22555292    
  -1.8965516      0.13893305    
  -1.5517240      5.40945902E-02
  -1.2068965      9.96984355E-03
 -0.86206913      2.29029902E-04
 -0.51724148      1.74885688E-04
 -0.17241383      1.45949569E-04
  0.17241383      1.45951839E-04
  0.51724148      1.74869900E-04
  0.86206913      2.29043595E-04
   1.2068968      9.96995345E-03
   1.5517244      5.40947765E-02
   1.8965521      0.13893338    
   2.2413793      0.22555298    
   2.5862069      0.26045883    
   2.9310346      0.22265176    
   3.2758617      0.13866910    
   3.6206894      5.89211695E-02
   3.9655170      1.54360840E-02
   4.3103447      2.44338252E-03
   4.6551723      4.03548620E-04
   5.0000000      1.12642214E-04
  -5.0000000      2.56203418E-03
  -4.6551723      2.40467512E-03
  -4.3103447      5.29386511E-04
  -3.9655173      2.30498109E-02
  -3.6206896      9.36459005E-02
  -3.2758620      0.19091082    
  -2.9310346      0.24017207    
  -2.5862069      0.19734164    
  -2.2413793      0.11313188    
  -1.8965516      5.42098582E-02
  -1.5517240      3.00759580E-02
  -1.2068965      2.12324001E-02
 -0.86206913      1.28044672E-02
 -0.51724148      3.98743479E-03
 -0.17241383      4.75983397E-04
  0.17241383      4.75997367E-04
  0.51724148      3.98744782E-03
  0.86206913      1.28045771E-02
   1.2068968      2.12326348E-02
   1.5517244      3.00763100E-02
   1.8965521      5.42101376E-02
   2.2413793      0.11313170    
   2.5862069      0.19734143    
   2.9310346      0.24017148    
   3.2758617      0.19091050    
   3.6206894      9.36456472E-02
   3.9655170      2.30495855E-02
   4.3103447      5.29377838E-04
   4.6551723      2.40466860E-03
   5.0000000      2.56205816E-03
  -5.0000000      5.97878592E-04
  -4.6551723      5.69127496E-06
  -4.3103447      9.68771800E-03
  -3.9655173      5.37522994E-02
  -3.6206896      0.11657368    
  -3.2758620      0.14730062    
  -2.9310346      0.13050848    
  -2.5862069      9.33399945E-02
  -2.2413793      6.10746704E-02
  -1.8965516      4.13544998E-02
  -1.5517240      3.18402387E-02
  -1.2068965      2.70405784E-02
 -0.86206913      2.20220145E-02
 -0.51724148      1.59502923E-02
 -0.17241383      1.18000610E-02
  0.17241383      1.18000321E-02
  0.51724148      1.59503706E-02
  0.86206913      2.20222007E-02
   1.2068968      2.70408392E-02
   1.5517244      3.18404250E-02
   1.8965521      4.13546078E-02
   2.2413793      6.10748306E-02
   2.5862069      9.33399945E-02
   2.9310346      0.13050874    
   3.2758617      0.14730066    
   3.6206894      0.11657351    
   3.9655170      5.37522435E-02
   4.3103447      9.68755223E-03
   4.6551723      5.68830183E-06
   5.0000000      5.97880862E-04
