  -20.000000     -8.74836277E-03
  -19.595959     -1.74628925E-02
  -19.191919     -2.61098929E-02
  -18.787878     -3.46559174E-02
  -18.383839     -4.30677347E-02
  -17.979797     -5.13129868E-02
  -17.575758     -5.93598224E-02
  -17.171717     -6.71769604E-02
  -16.767677     -7.47341216E-02
  -16.363636     -8.20023119E-02
  -15.959596     -8.89532417E-02
  -15.555555     -9.55598503E-02
  -15.151515     -0.10179688    
  -14.747475     -0.10763999    
  -14.343434     -0.11306665    
  -13.939394     -0.11805594    
  -13.535354     -0.12258852    
  -13.131313     -0.12664668    
  -12.727273     -0.13021494    
  -12.323233     -0.13327947    
  -11.919192     -0.13582835    
  -11.515152     -0.13785179    
  -11.111112     -0.13934173    
  -10.707071     -0.14029291    
  -10.303030     -0.14070106    
  -9.8989897     -0.14056480    
  -9.4949493     -0.13988458    
  -9.0909090     -0.13866313    
  -8.6868687     -0.13690495    
  -8.2828283     -0.13461712    
  -7.8787880     -0.13180843    
  -7.4747477     -0.12848975    
  -7.0707073     -0.12467393    
  -6.6666670     -0.12037561    
  -6.2626266     -0.11561143    
  -5.8585863     -0.11040018    
  -5.4545460     -0.10476138    
  -5.0505052     -9.87174958E-02
  -4.6464648     -9.22916830E-02
  -4.2424245     -8.55088681E-02
  -3.8383842     -7.83952624E-02
  -3.4343438     -7.09784999E-02
  -3.0303035     -6.32871985E-02
  -2.6262629     -5.53511269E-02
  -2.2222226     -4.72010784E-02
  -1.8181822     -3.88684347E-02
  -1.4141418     -3.03855054E-02
  -1.0101013     -2.17851009E-02
 -0.60606098     -1.31004956E-02
 -0.20202059     -4.36513033E-03
  0.20201981      4.38723108E-03
  0.60606021      1.31226638E-02
   1.0101006      2.18073651E-02
   1.4141409      3.04077175E-02
   1.8181814      3.88905816E-02
   2.2222219      4.72232625E-02
   2.6262622      5.53729422E-02
   3.0303025      6.33084625E-02
   3.4343429      7.09991008E-02
   3.8383834      7.84152895E-02
   4.2424240      8.55277106E-02
   4.6464643      9.23094749E-02
   5.0505047      9.87339169E-02
   5.4545450      0.10477629    
   5.8585854      0.11041395    
   6.2626257      0.11562430    
   6.6666660      0.12038719    
   7.0707064      0.12468478    
   7.4747467      0.12850001    
   7.8787875      0.13181815    
   8.2828274      0.13462593    
   8.6868677      0.13691314    
   9.0909081      0.13867049    
   9.4949493      0.13989154    
   9.8989897      0.14057116    
   10.303030      0.14070718    
   10.707070      0.14029872    
   11.111111      0.13934718    
   11.515151      0.13785656    
   11.919191      0.13583264    
   12.323232      0.13328327    
   12.727272      0.13021794    
   13.131312      0.12664890    
   13.535353      0.12259021    
   13.939393      0.11805719    
   14.343433      0.11306724    
   14.747474      0.10764013    
   15.151514      0.10179674    
   15.555555      9.55594480E-02
   15.959596      8.89528841E-02
   16.363636      8.20018798E-02
   16.767675      7.47338310E-02
   17.171717      6.71767294E-02
   17.575756      5.93598299E-02
   17.979797      5.13130538E-02
   18.383837      4.30678800E-02
   18.787878      3.46559547E-02
   19.191919      2.61100903E-02
   19.595959      1.74630824E-02
   20.000000      8.74836370E-03
