  -20.000000      1.40129846E-45
  -19.595959     -2.80259693E-45
  -19.191919      1.40129846E-45
  -18.787878     -2.80259693E-45
  -18.383839     -1.40129846E-45
  -17.979797       0.0000000    
  -17.575758     -4.20389539E-45
  -17.171717      5.60519386E-45
  -16.767677      4.34402524E-43
  -16.363636      1.72766088E-41
  -15.959596      1.19435751E-39
  -15.555555      3.44138920E-38
  -15.151515      1.16318346E-36
  -14.747475      3.86579082E-35
  -14.343434      1.54387646E-33
  -13.939394      5.76996633E-32
  -13.535354      1.85645503E-30
  -13.131313      6.23338662E-29
  -12.727273      1.69184972E-27
  -12.323233      4.89168487E-26
  -11.919192      1.26304381E-24
  -11.515152      3.07045269E-23
  -11.111112      7.02601729E-22
  -10.707071      1.52316780E-20
  -10.303030      3.07646719E-19
  -9.8989897      5.77297456E-18
  -9.4949493      1.00911879E-16
  -9.0909090      1.62908915E-15
  -8.6868687      2.43470761E-14
  -8.2828283      3.35286025E-13
  -7.8787880      4.23897462E-12
  -7.4747477      4.90605820E-11
  -7.0707073      5.17740628E-10
  -6.6666670      4.96282837E-09
  -6.2626266      4.30273310E-08
  -5.8585863      3.35875114E-07
  -5.4545460      2.34905497E-06
  -5.0505052      1.46410703E-05
  -4.6464648      8.08536934E-05
  -4.2424245      3.93122493E-04
  -3.8383842      1.67126348E-03
  -3.4343438      6.16478035E-03
  -3.0303035      1.95615981E-02
  -2.6262629      5.28685339E-02
  -2.2222226      0.12026048    
  -1.8181822      0.22672610    
  -1.4141418      0.34643438    
  -1.0101013      0.41251782    
 -0.60606098      0.34878445    
 -0.20202059      0.13810745    
  0.20201981     -0.13811761    
  0.60606021     -0.34878707    
   1.0101006     -0.41251844    
   1.4141409     -0.34643501    
   1.8181814     -0.22672622    
   2.2222219     -0.12025790    
   2.6262622     -5.28667718E-02
   3.0303025     -1.95619483E-02
   3.4343429     -6.16435148E-03
   3.8383834     -1.67093310E-03
   4.2424240     -3.92241694E-04
   4.6464643     -8.03801304E-05
   5.0505047     -1.45008580E-05
   5.4545450     -2.07053381E-06
   5.8585854     -2.53562348E-07
   6.2626257      5.73058934E-08
   6.6666660     -8.26191524E-08
   7.0707064     -1.09861055E-07
   7.4747467      1.56327246E-07
   7.8787875      1.34848110E-09
   8.2828274      3.18383293E-08
   8.6868677      3.86262435E-08
   9.0909081     -3.01987129E-08
   9.4949493      1.14074659E-07
   9.8989897     -2.02952357E-08
   10.303030      3.77922610E-10
   10.707070     -4.18618704E-08
   11.111111      3.67209818E-09
   11.515151      7.21717370E-08
   11.919191     -7.88703005E-08
   12.323232     -4.24652624E-09
   12.727272      1.16706453E-07
   13.131312     -8.77778739E-09
   13.535353     -5.51848034E-09
   13.939393      3.82539724E-08
   14.343433      2.57741295E-08
   14.747474     -3.14715400E-08
   15.151514      9.72821326E-08
   15.555555     -1.04884727E-07
   15.959596     -5.88354521E-09
   16.363636     -6.92539928E-08
   16.767675     -1.54415517E-07
   17.171717     -6.46070575E-08
   17.575756      3.36145796E-08
   17.979797     -1.12750698E-07
   18.383837      4.10880787E-08
   18.787878      1.94043981E-09
   19.191919     -4.67687444E-10
   19.595959     -6.53015489E-11
   20.000000      6.68406996E-11
