  -20.000000     -6.06390742E-08
  -19.595959     -2.09886419E-08
  -19.191919      6.76547600E-08
  -18.787878      1.43115130E-07
  -18.383839      8.31698301E-08
  -17.979797      9.04775774E-08
  -17.575758      4.69675740E-07
  -17.171717      7.57828275E-07
  -16.767677      1.26473378E-06
  -16.363636      2.39833776E-06
  -15.959596      4.31385115E-06
  -15.555555      8.13488896E-06
  -15.151515      1.46719658E-05
  -14.747475      2.69014963E-05
  -14.343434      4.95068452E-05
  -13.939394      9.06738787E-05
  -13.535354      1.66164595E-04
  -13.131313      3.04654241E-04
  -12.727273      5.58836211E-04
  -12.323233      1.02473167E-03
  -11.919192      1.87891384E-03
  -11.515152      3.44525278E-03
  -11.111112      6.31706510E-03
  -10.707071      1.15735773E-02
  -10.303030      2.10878197E-02
  -9.8989897      3.70996259E-02
  -9.4949493      5.80655597E-02
  -9.0909090      7.98763037E-02
  -8.6868687      0.10084932    
  -8.2828283      0.12040348    
  -7.8787880      0.13820551    
  -7.4747477      0.15398833    
  -7.0707073      0.16751917    
  -6.6666670      0.17860049    
  -6.2626266      0.18707046    
  -5.8585863      0.19280471    
  -5.4545460      0.19571948    
  -5.0505052      0.19577251    
  -4.6464648      0.19296272    
  -4.2424245      0.18733153    
  -3.8383842      0.17896117    
  -3.4343438      0.16797373    
  -3.0303035      0.15453006    
  -2.6262629      0.13882665    
  -2.2222226      0.12109321    
  -1.8181822      0.10158897    
  -1.4141418      8.05995688E-02
  -1.0101013      5.84313795E-02
 -0.60606098      3.54087055E-02
 -0.20202059      1.18684145E-02
  0.20201981     -1.18456567E-02
  0.60606021     -3.53866406E-02
   1.0101006     -5.84101677E-02
   1.4141409     -8.05795938E-02
   1.8181814     -0.10157085    
   2.2222219     -0.12107677    
   2.6262622     -0.13881208    
   3.0303025     -0.15451758    
   3.4343429     -0.16796334    
   3.8383834     -0.17895253    
   4.2424240     -0.18732493    
   4.6464643     -0.19295789    
   5.0505047     -0.19576883    
   5.4545450     -0.19571674    
   5.8585854     -0.19280298    
   6.2626257     -0.18706949    
   6.6666660     -0.17860004    
   7.0707064     -0.16751935    
   7.4747467     -0.15398878    
   7.8787875     -0.13820617    
   8.2828274     -0.12040412    
   8.6868677     -0.10085010    
   9.0909081     -7.98770636E-02
   9.4949493     -5.80659695E-02
   9.8989897     -3.70999239E-02
   10.303030     -2.10881718E-02
   10.707070     -1.15736825E-02
   11.111111     -6.31702179E-03
   11.515151     -3.44548910E-03
   11.919191     -1.87913806E-03
   12.323232     -1.02478627E-03
   12.727272     -5.58888249E-04
   13.131312     -3.04812187E-04
   13.535353     -1.66316589E-04
   13.939393     -9.07245558E-05
   14.343433     -4.95119457E-05
   14.747474     -2.70771270E-05
   15.151514     -1.47339088E-05
   15.555555     -8.04206957E-06
   15.959596     -4.39268479E-06
   16.363636     -2.34518075E-06
   16.767675     -1.09431960E-06
   17.171717     -5.13106386E-07
   17.575756     -2.41434776E-07
   17.979797     -1.78529490E-07
   18.383837     -1.02843011E-07
   18.787878      2.18008700E-09
   19.191919     -2.38466757E-08
   19.595959     -1.57001345E-08
   20.000000     -2.83333570E-08
