  -20.000000     -1.05872500E-09
  -19.595959     -5.67921310E-09
  -19.191919      6.71215048E-08
  -18.787878      2.32251850E-07
  -18.383839      1.98218899E-07
  -17.979797      3.81250857E-07
  -17.575758      7.52977940E-07
  -17.171717      1.45036870E-06
  -16.767677      2.48202878E-06
  -16.363636      4.56504949E-06
  -15.959596      8.13589486E-06
  -15.555555      1.47849933E-05
  -15.151515      2.67676787E-05
  -14.747475      4.82323012E-05
  -14.343434      8.73352255E-05
  -13.939394      1.57780596E-04
  -13.535354      2.85205955E-04
  -13.131313      5.15662192E-04
  -12.727273      9.32099414E-04
  -12.323233      1.68487942E-03
  -11.919192      3.04568559E-03
  -11.515152      5.50577603E-03
  -11.111112      9.95139405E-03
  -10.707071      1.79731436E-02
  -10.303030      3.22808027E-02
  -9.8989897      5.59481792E-02
  -9.4949493      8.60702321E-02
  -9.0909090      0.11588094    
  -8.6868687      0.14237118    
  -8.2828283      0.16427207    
  -7.8787880      0.18079846    
  -7.4747477      0.19139856    
  -7.0707073      0.19572298    
  -6.6666670      0.19363005    
  -6.2626266      0.18518808    
  -5.8585863      0.17067403    
  -5.4545460      0.15056394    
  -5.0505052      0.12551706    
  -4.6464648      9.63546857E-02
  -4.2424245      6.40334338E-02
  -3.8383842      2.96124909E-02
  -3.4343438     -5.77907730E-03
  -3.0303035     -4.09810841E-02
  -2.6262629     -7.48394653E-02
  -2.2222226     -0.10624371    
  -1.8181822     -0.13416417    
  -1.4141418     -0.15768544    
  -1.0101013     -0.17603613    
 -0.60606098     -0.18861468    
 -0.20202059     -0.19500871    
  0.20201981     -0.19500861    
  0.60606021     -0.18861425    
   1.0101006     -0.17603551    
   1.4141409     -0.15768465    
   1.8181814     -0.13416347    
   2.2222219     -0.10624324    
   2.6262622     -7.48396516E-02
   3.0303025     -4.09820788E-02
   3.4343429     -5.78078441E-03
   3.8383834      2.96099000E-02
   4.2424240      6.40297085E-02
   4.6464643      9.63498130E-02
   5.0505047      0.12551083    
   5.4545450      0.15055625    
   5.8585854      0.17066546    
   6.2626257      0.18517834    
   6.6666660      0.19361950    
   7.0707064      0.19571236    
   7.4747467      0.19138770    
   7.8787875      0.18078759    
   8.2828274      0.16426164    
   8.6868677      0.14236179    
   9.0909081      0.11587306    
   9.4949493      8.60641748E-02
   9.8989897      5.59441149E-02
   10.303030      3.22784781E-02
   10.707070      1.79719105E-02
   11.111111      9.95069835E-03
   11.515151      5.50521119E-03
   11.919191      3.04545206E-03
   12.323232      1.68468931E-03
   12.727272      9.32001683E-04
   13.131312      5.15512249E-04
   13.535353      2.85133341E-04
   13.939393      1.57756513E-04
   14.343433      8.75067853E-05
   14.747474      4.84316370E-05
   15.151514      2.67514788E-05
   15.555555      1.48523040E-05
   15.959596      8.31870875E-06
   16.363636      4.56578891E-06
   16.767675      2.41445059E-06
   17.171717      1.29037403E-06
   17.575756      8.11770633E-07
   17.979797      3.59640381E-07
   18.383837      2.03372551E-07
   18.787878      1.43623964E-07
   19.191919      1.08190562E-07
   19.595959      3.46634579E-08
   20.000000     -9.51575529E-09
