  -20.000000      -0.0000000    
  -19.595959       0.0000000    
  -19.191919     -1.40129846E-45
  -18.787878      1.40129846E-45
  -18.383839      2.80259693E-45
  -17.979797      -0.0000000    
  -17.575758      4.20389539E-45
  -17.171717     -5.60519386E-45
  -16.767677     -7.42688186E-44
  -16.363636      7.07655724E-43
  -15.959596     -8.75993709E-41
  -15.555555     -1.08093235E-38
  -15.151515      3.94279481E-38
  -14.747475      3.95263096E-36
  -14.343434      6.08467330E-35
  -13.939394     -9.55824138E-33
  -13.535354     -1.16178914E-31
  -13.131313     -9.01428652E-30
  -12.727273     -1.94487688E-28
  -12.323233     -5.83077409E-27
  -11.919192     -1.32602600E-25
  -11.515152     -3.48240753E-24
  -11.111112     -7.51706377E-23
  -10.707071     -1.65862981E-21
  -10.303030     -3.51701590E-20
  -9.8989897     -6.75592321E-19
  -9.4949493     -1.21149286E-17
  -9.0909090     -1.97490748E-16
  -8.6868687     -3.01430693E-15
  -8.2828283     -4.25176082E-14
  -7.8787880     -5.51236953E-13
  -7.4747477     -6.55459064E-12
  -7.0707073     -7.12933393E-11
  -6.6666670     -7.06370629E-10
  -6.2626266     -6.35237507E-09
  -5.8585863     -5.16442711E-08
  -5.4545460     -3.77964909E-07
  -5.0505052     -2.47899015E-06
  -4.6464648     -1.45022304E-05
  -4.2424245     -7.52952328E-05
  -3.8383842     -3.45154287E-04
  -3.4343438     -1.38940522E-03
  -3.0303035     -4.88443673E-03
  -2.6262629     -1.49124358E-02
  -2.2222226     -3.93220149E-02
  -1.8181822     -8.90785530E-02
  -1.4141418     -0.17251535    
  -1.0101013     -0.28439972    
 -0.60606098     -0.39770463    
 -0.20202059     -0.47059917    
  0.20201981     -0.47059488    
  0.60606021     -0.39769915    
   1.0101006     -0.28439486    
   1.4141409     -0.17251207    
   1.8181814     -8.90771076E-02
   2.2222219     -3.93209830E-02
   2.6262622     -1.49113573E-02
   3.0303025     -4.88356454E-03
   3.4343429     -1.38934539E-03
   3.8383834     -3.45472072E-04
   4.2424240     -7.56017544E-05
   4.6464643     -1.41574874E-05
   5.0505047     -2.52466180E-06
   5.4545450     -4.18953050E-07
   5.8585854     -1.39057136E-07
   6.2626257      1.36487273E-07
   6.6666660      8.88527083E-08
   7.0707064     -3.13432338E-08
   7.4747467      6.57805721E-09
   7.8787875      4.98122823E-08
   8.2828274     -2.89500601E-08
   8.6868677     -2.92161921E-08
   9.0909081     -3.31687957E-08
   9.4949493      1.18678907E-08
   9.8989897     -3.19555848E-09
   10.303030     -4.72013504E-08
   10.707070     -1.04830313E-07
   11.111111      8.14083911E-09
   11.515151      4.03001366E-08
   11.919191      4.77609197E-09
   12.323232      4.57297631E-08
   12.727272     -1.24072681E-08
   13.131312      1.86752640E-08
   13.535353     -1.99740157E-07
   13.939393      2.08640856E-08
   14.343433     -4.76771191E-08
   14.747474     -1.26002519E-07
   15.151514     -2.28515731E-08
   15.555555      8.50181436E-09
   15.959596     -1.59126117E-07
   16.363636      4.72117350E-08
   16.767675     -4.23263700E-08
   17.171717     -5.41889591E-08
   17.575756     -5.20855430E-08
   17.979797     -1.36944706E-07
   18.383837      1.65231633E-08
   18.787878     -1.75716908E-09
   19.191919     -1.18263954E-09
   19.595959     -1.16775936E-10
   20.000000      1.89294899E-11
