  -2.0000000000000000      -3.19273676152849373E-034
  -1.9595959595959596      -5.30381668936234765E-034
  -1.9191919191919191      -7.29247395540004129E-034
  -1.8787878787878787      -1.05987657573956210E-033
  -1.8383838383838385      -1.40421560583251383E-033
  -1.7979797979797980      -1.89900119158531292E-033
  -1.7575757575757576      -2.47053095357465590E-033
  -1.7171717171717171      -2.98027673247036174E-033
  -1.6767676767676767      -3.76991100992593034E-033
  -1.6363636363636362      -4.52965651968307405E-033
  -1.5959595959595960      -5.15659173890858101E-033
  -1.5555555555555556      -5.64531820940689971E-033
  -1.5151515151515151      -5.99622090594465958E-033
  -1.4747474747474747      -6.25404867264998284E-033
  -1.4343434343434343      -6.39526080971647487E-033
  -1.3939393939393938      -6.25715197908550009E-033
  -1.3535353535353534      -6.00080827399553438E-033
  -1.3131313131313131      -5.65084597360543400E-033
  -1.2727272727272727      -5.16310985779634805E-033
  -1.2323232323232323      -4.53923092497913859E-033
  -1.1919191919191918      -3.78070205297857881E-033
  -1.1515151515151514      -2.98612041177124528E-033
  -1.1111111111111109      -2.47751486294862399E-033
  -1.0707070707070707      -1.90685643669699300E-033
  -1.0303030303030303      -1.40858183504742435E-033
 -0.98989898989898983      -1.06441545622589889E-033
 -0.94949494949494939      -7.31536305177579577E-034
 -0.90909090909090895      -5.32614743019017982E-034
 -0.86868686868686862      -3.22005048909924837E-034
 -0.82828282828282818      -1.45994675833060663E-034
 -0.78787878787878773      -6.31082161810972224E-035
 -0.74747474747474740      -2.51742043353766332E-035
 -0.70707070707070696      -1.04650694417121159E-035
 -0.66666666666666652      -4.18123352903245457E-036
 -0.62626262626262619      -1.51687737198447335E-036
 -0.58585858585858575      -2.23108282997766511E-037
 -0.54545454545454530      -3.09460340965460075E-038
 -0.50505050505050497      -2.66245761288088879E-039
 -0.46464646464646453      -4.39701893674022586E-041
 -0.42424242424242409      -5.95306616985575192E-045
 -0.38383838383838370       4.92163760188448729E-045
 -0.34343434343434331       4.33373936172421509E-041
 -0.30303030303030287       2.54384750521793577E-039
 -0.26262626262626249       3.01533923843150170E-038
 -0.22222222222222207       2.18462697936582638E-037
 -0.18181818181818166       1.50473212369510269E-036
 -0.14141414141414127       4.16327967929640069E-036
 -0.10101010101010086       1.03702033489148118E-035
 -6.06060606060604412E-002  2.47351846158814595E-035
 -2.02020202020200337E-002  6.22768749993082096E-035
  2.02020202020203737E-002  8.32607227198907283E-032
  6.06060606060607812E-002  1.28619558089754737E-031
  0.10101010101010119       1.61564244994546096E-031
  0.14141414141414160       1.81597678063190761E-031
  0.18181818181818199       1.88412442053794914E-031
  0.22222222222222240       1.81910265625341125E-031
  0.26262626262626282       1.62187915471733358E-031
  0.30303030303030321       1.29554593642180198E-031
  0.34343434343434365       8.44681437599931178E-032
  0.38383838383838403       3.84725604905175467E-032
  0.42424242424242442       1.46441880551100768E-032
  0.46464646464646486       4.97516153609226681E-033
  0.50505050505050531       1.43691161624430822E-033
  0.54545454545454564       3.72473888678463675E-034
  0.58585858585858608       2.28028770220382172E-035
  0.62626262626262652       1.01673355251092431E-036
  0.66666666666666685       1.00183013097272094E-039
  0.70707070707070729      -1.22480425793345781E-043
  0.74747474747474774      -4.30672994412399277E-038
  0.78787878787878807      -5.12715492152440986E-036
  0.82828282828282851      -8.88380196132028687E-035
  0.86868686868686895      -7.27353932112475603E-034
  0.90909090909090939      -2.64831492208816347E-033
  0.94949494949494972      -8.55086763247166513E-033
  0.98989898989899017      -2.30213602096554619E-032
   1.0303030303030305      -5.61238948121614286E-032
   1.0707070707070709      -1.07443967685126252E-031
   1.1111111111111114      -1.46714789056825241E-031
   1.1515151515151518      -1.73181843775815270E-031
   1.1919191919191923      -1.86699464636108831E-031
   1.2323232323232327      -1.86665234299093582E-031
   1.2727272727272729      -1.73649972795420751E-031
   1.3131313131313134      -1.47431088541151809E-031
   1.3535353535353538      -1.08548274503536181E-031
   1.3939393939393943      -5.74477369081023617E-032
   1.4343434343434347      -2.34351284346577955E-032
   1.4747474747474751      -8.77454954131515212E-033
   1.5151515151515154      -2.70917982029231076E-033
   1.5555555555555558      -7.44443967833534793E-034
   1.5959595959595962      -9.35754226380068285E-035
   1.6363636363636367      -5.41597325499792533E-036
   1.6767676767676771      -4.86086556011371222E-038
   1.7171717171717176      -2.20885870024044374E-043
   1.7575757575757578       7.19602929849407647E-040
   1.7979797979797982       8.57870699242911295E-037
   1.8383838383838387       2.15646647515157019E-035
   1.8787878787878791       3.54173553469936560E-034
   1.9191919191919196       1.40483274068744372E-033
   1.9595959595959600       4.85086034366922174E-033
   2.0000000000000004       1.42176657387276679E-032
