 # Adrien Atallah
 # Project 6
 # Contains the norm, expectation value and variance
 # 1st column: norm, 2nd: expectation value, 3rd: variance
  0.97526258     -2.05899568E-07  0.89394134    
  0.94946176     -3.30186396E-07  0.94505459    
  0.92043018     -2.23923522E-07   1.0130472    
  0.89156938     -1.83347794E-07   1.0949415    
  0.86479449     -1.54870079E-07   1.1878771    
  0.84083486      1.10762890E-07   1.2894784    
  0.81974244      4.36965479E-07   1.3979214    
  0.80127102      5.24091206E-07   1.5118415    
  0.78508365      8.29680403E-07   1.6302087    
  0.77084470      1.06568700E-06   1.7522299    
  0.75825506      1.20777236E-06   1.8773054    
  0.74706703      1.63943196E-06   2.0050902    
  0.73709589      1.54273664E-06   2.1356926    
  0.72822994      1.98483008E-06   2.2697117    
  0.72038275      2.35486482E-06   2.4073336    
  0.71332908      2.31287072E-06   2.5458789    
  0.70647430      2.67344785E-06   2.6773396    
  0.69884664      2.31482454E-06   2.7900562    
  0.68967026      2.60219804E-06   2.8775063    
  0.67938656      2.80334461E-06   2.9508588    
  0.67025226      3.01601949E-06   3.0442128    
  0.66561681      3.02364379E-06   3.1988273    
  0.66807795      3.17839476E-06   3.4297493    
  0.67783022      3.44043633E-06   3.7089796    
  0.69237459      2.94848928E-06   3.9858167    
  0.70756370      3.58016860E-06   4.2171626    
  0.71910691      4.26868246E-06   4.3801174    
  0.72373742      5.02376042E-06   4.4687281    
  0.71976113      5.94173980E-06   4.4865475    
  0.70706314      5.31083060E-06   4.4411259    
  0.68677646      5.79316611E-06   4.3413887    
  0.66082108      4.96088205E-06   4.1970310    
  0.63146651      4.33607875E-06   4.0190477    
  0.60100180      3.95462257E-06   3.8207467    
  0.57152343      4.08689630E-06   3.6188023    
  0.54476917      3.27725115E-06   3.4338415    
  0.52191871      3.23816607E-06   3.2895548    
  0.50342488      3.00684246E-06   3.2089863    
  0.48914510      2.91499373E-06   3.2079124    
  0.47894666      2.60954926E-06   3.2883568    
  0.47341391      2.47086359E-06   3.4366839    
  0.47384846      2.14626471E-06   3.6281102    
  0.48120609      1.93539222E-06   3.8362875    
  0.49475291      1.79204426E-06   4.0435219    
  0.51173300      2.17664638E-06   4.2449017    
  0.52848518      1.79044514E-06   4.4437666    
  0.54217792      1.23677535E-06   4.6436157    
  0.55200052      1.43072612E-06   4.8425088    
  0.55928910      2.23801521E-06   5.0317378    
  0.56677765      3.02346712E-06   5.1979747    
