 # Adrien Atallah
 # Project 6
 # Contains the Gaussian width as a function of time
 # with dt =   0.10000000     N =           30 dx =   0.34482759    
 # t, width
  0.10000000      0.89394134    
  0.20000000      0.94505459    
  0.30000001       1.0130472    
  0.40000001       1.0949415    
  0.50000000       1.1878771    
  0.60000002       1.2894784    
  0.70000005       1.3979214    
  0.80000007       1.5118415    
  0.90000010       1.6302087    
   1.0000001       1.7522299    
   1.1000001       1.8773054    
   1.2000002       2.0050902    
   1.3000002       2.1356926    
   1.4000002       2.2697117    
   1.5000002       2.4073336    
   1.6000003       2.5458789    
   1.7000003       2.6773396    
   1.8000003       2.7900562    
   1.9000003       2.8775063    
   2.0000002       2.9508588    
   2.1000001       3.0442128    
   2.2000000       3.1988273    
   2.3000000       3.4297493    
   2.3999999       3.7089796    
   2.4999998       3.9858167    
   2.5999997       4.2171626    
   2.6999996       4.3801174    
   2.7999995       4.4687281    
   2.8999994       4.4865475    
   2.9999993       4.4411259    
   3.0999992       4.3413887    
   3.1999991       4.1970310    
   3.2999990       4.0190477    
   3.3999989       3.8207467    
   3.4999988       3.6188023    
   3.5999987       3.4338415    
   3.6999986       3.2895548    
   3.7999985       3.2089863    
   3.8999984       3.2079124    
   3.9999983       3.2883568    
   4.0999985       3.4366839    
   4.1999984       3.6281102    
   4.2999983       3.8362875    
   4.3999982       4.0435219    
   4.4999981       4.2449017    
   4.5999980       4.4437666    
   4.6999979       4.6436157    
   4.7999978       4.8425088    
   4.8999977       5.0317378    
   4.9999976       5.1979747    
