 # Adrien Atallah
 # Project 6
 # Contains the probability density as a function of x
 # with dt =   0.10000000     width of gauss =   0.50000000    
 # x, probability density
  -5.0000000      3.05171635E-15
  -4.6551723      2.08284936E-15
  -4.3103447      2.07880783E-12
  -3.9655173      2.65483243E-11
  -3.6206896      8.67111730E-11
  -3.2758620      2.79991781E-08
  -2.9310346      5.98001009E-07
  -2.5862069      2.75373077E-06
  -2.2413793      1.04112894E-06
  -1.8965516      4.58618539E-04
  -1.5517240      7.72264181E-03
  -1.2068965      5.29819056E-02
 -0.86206913      0.19950929    
 -0.51724148      0.46119693    
 -0.17241383      0.69225723    
  0.17241383      0.69225705    
  0.51724148      0.46119678    
  0.86206913      0.19950923    
   1.2068968      5.29818647E-02
   1.5517244      7.72262737E-03
   1.8965521      4.58615570E-04
   2.2413793      1.04109631E-06
   2.5862069      2.75370485E-06
   2.9310346      5.97995893E-07
   3.2758617      2.79991585E-08
   3.6206894      8.67140318E-11
   3.9655170      2.65480207E-11
   4.3103447      2.07881282E-12
   4.6551723      2.08299081E-15
   5.0000000      3.05169560E-15
  -5.0000000      2.08505901E-13
  -4.6551723      9.68980958E-15
  -4.3103447      6.02118355E-11
  -3.9655173      1.18543431E-09
  -3.6206896      6.29583385E-10
  -3.2758620      1.60805683E-07
  -2.9310346      4.83212716E-06
  -2.5862069      3.18937055E-05
  -2.2413793      2.55251816E-05
  -1.8965516      3.68473760E-04
  -1.5517240      9.85073950E-03
  -1.2068965      6.56999424E-02
 -0.86206913      0.21990696    
 -0.51724148      0.45124584    
 -0.17241383      0.62958533    
  0.17241383      0.62958521    
  0.51724148      0.45124561    
  0.86206913      0.21990684    
   1.2068968      6.56999424E-02
   1.5517244      9.85072553E-03
   1.8965521      3.68471054E-04
   2.2413793      2.55255763E-05
   2.5862069      3.18936254E-05
   2.9310346      4.83208396E-06
   3.2758617      1.60804504E-07
   3.6206894      6.29555186E-10
   3.9655170      1.18541976E-09
   4.3103447      6.02117523E-11
   4.6551723      9.68750819E-15
   5.0000000      2.08503692E-13
  -5.0000000      5.83394444E-12
  -4.6551723      1.96530834E-12
  -4.3103447      8.39595116E-10
  -3.9655173      1.73568306E-08
  -3.6206896      2.77835976E-08
  -3.2758620      6.22239725E-07
  -2.9310346      2.26193497E-05
  -2.5862069      1.46122620E-04
  -2.2413793      1.72769302E-04
  -1.8965516      3.63803498E-04
  -1.5517240      1.39116682E-02
  -1.2068965      8.40351731E-02
 -0.86206913      0.24242057    
 -0.51724148      0.43459243    
 -0.17241383      0.55895799    
  0.17241383      0.55895811    
  0.51724148      0.43459228    
  0.86206913      0.24242036    
   1.2068968      8.40351507E-02
   1.5517244      1.39116663E-02
   1.8965521      3.63801140E-04
   2.2413793      1.72770960E-04
   2.5862069      1.46122751E-04
   2.9310346      2.26191842E-05
   3.2758617      6.22229607E-07
   3.6206894      2.77833561E-08
   3.9655170      1.73566210E-08
   4.3103447      8.39589120E-10
   4.6551723      1.96518561E-12
   5.0000000      5.83386551E-12
  -5.0000000      9.03801756E-11
  -4.6551723      3.07636104E-11
  -4.3103447      8.20426660E-09
  -3.9655173      1.46705105E-07
  -3.6206896      2.45006021E-07
  -3.2758620      2.37932886E-06
  -2.9310346      8.37446278E-05
  -2.5862069      4.61623364E-04
  -2.2413793      4.88362974E-04
  -1.8965516      5.62349160E-04
  -1.5517240      2.09849328E-02
  -1.2068965      0.10720024    
 -0.86206913      0.26225275    
 -0.51724148      0.41119349    
 -0.17241383      0.48954555    
  0.17241383      0.48954546    
  0.51724148      0.41119349    
  0.86206913      0.26225263    
   1.2068968      0.10720015    
   1.5517244      2.09849458E-02
   1.8965521      5.62346831E-04
   2.2413793      4.88365884E-04
   2.5862069      4.61624877E-04
   2.9310346      8.37443222E-05
   3.2758617      2.37928043E-06
   3.6206894      2.45007300E-07
   3.9655170      1.46703613E-07
   4.3103447      8.20416002E-09
   4.6551723      3.07628020E-11
   5.0000000      9.03787947E-11
  -5.0000000      8.97118380E-10
  -4.6551723      1.28379044E-10
  -4.3103447      6.42905036E-08
  -3.9655173      8.67638562E-07
  -3.6206896      1.08373149E-06
  -3.2758620      9.95468508E-06
  -2.9310346      2.66207062E-04
  -2.5862069      1.14737079E-03
  -2.2413793      8.88265786E-04
  -1.8965516      1.27307244E-03
  -1.5517240      3.21491472E-02
  -1.2068965      0.13301148    
 -0.86206913      0.27552453    
 -0.51724148      0.38271007    
 -0.17241383      0.42696998    
  0.17241383      0.42696980    
  0.51724148      0.38271001    
  0.86206913      0.27552459    
   1.2068968      0.13301134    
   1.5517244      3.21491398E-02
   1.8965521      1.27307279E-03
   2.2413793      8.88268987E-04
   2.5862069      1.14737405E-03
   2.9310346      2.66207120E-04
   3.2758617      9.95452228E-06
   3.6206894      1.08374866E-06
   3.9655170      8.67633901E-07
   4.3103447      6.42894946E-08
   4.6551723      1.28381666E-10
   5.0000000      8.97105723E-10
  -5.0000000      6.09198025E-09
  -4.6551723      2.81248831E-12
  -4.3103447      4.16889748E-07
  -3.9655173      3.87188084E-06
  -3.6206896      2.76210699E-06
  -3.2758620      4.23114980E-05
  -2.9310346      7.37862603E-04
  -2.5862069      2.33998057E-03
  -2.2413793      1.11433922E-03
  -1.8965516      3.20040435E-03
  -1.5517240      4.78818901E-02
  -1.2068965      0.15821843    
 -0.86206913      0.28044847    
 -0.51724148      0.35179830    
 -0.17241383      0.37342152    
  0.17241383      0.37342152    
  0.51724148      0.35179844    
  0.86206913      0.28044853    
   1.2068968      0.15821838    
   1.5517244      4.78818305E-02
   1.8965521      3.20041110E-03
   2.2413793      1.11434015E-03
   2.5862069      2.33998569E-03
   2.9310346      7.37864408E-04
   3.2758617      4.23111851E-05
   3.6206894      2.76217816E-06
   3.9655170      3.87188356E-06
   4.3103447      4.16884092E-07
   4.6551723      2.81611583E-12
   5.0000000      6.09192918E-09
  -5.0000000      2.86386843E-08
  -4.6551723      7.45823581E-09
  -4.3103447      2.22834319E-06
  -3.9655173      1.33908061E-05
  -3.6206896      3.47285572E-06
  -3.2758620      1.64510901E-04
  -2.9310346      1.77556707E-03
  -2.5862069      3.96174844E-03
  -2.2413793      8.90983851E-04
  -1.8965516      7.44788814E-03
  -1.5517240      6.74678534E-02
  -1.2068965      0.17955180    
 -0.86206913      0.27749968    
 -0.51724148      0.32105213    
 -0.17241383      0.32879484    
  0.17241383      0.32879496    
  0.51724148      0.32105246    
  0.86206913      0.27749977    
   1.2068968      0.17955185    
   1.5517244      6.74677789E-02
   1.8965521      7.44788675E-03
   2.2413793      8.90980707E-04
   2.5862069      3.96175403E-03
   2.9310346      1.77557115E-03
   3.2758617      1.64510755E-04
   3.6206894      3.47298237E-06
   3.9655170      1.33908807E-05
   4.3103447      2.22832728E-06
   4.6551723      7.45761142E-09
   5.0000000      2.86387092E-08
  -5.0000000      8.87197160E-08
  -4.6551723      1.69504673E-07
  -4.3103447      9.72728685E-06
  -3.9655173      3.58972793E-05
  -3.6206896      4.15811570E-07
  -3.2758620      5.49668854E-04
  -2.9310346      3.68226063E-03
  -2.5862069      5.55581786E-03
  -2.2413793      2.90902914E-04
  -1.8965516      1.51030552E-02
  -1.5517240      8.89338031E-02
  -1.2068965      0.19486016    
 -0.86206913      0.26863402    
 -0.51724148      0.29227388    
 -0.17241383      0.29191265    
  0.17241383      0.29191288    
  0.51724148      0.29227415    
  0.86206913      0.26863420    
   1.2068968      0.19486023    
   1.5517244      8.89337510E-02
   1.8965521      1.51030300E-02
   2.2413793      2.90901342E-04
   2.5862069      5.55582112E-03
   2.9310346      3.68226739E-03
   3.2758617      5.49670134E-04
   3.6206894      4.15854515E-07
   3.9655170      3.58975740E-05
   4.3103447      9.72727503E-06
   4.6551723      1.69498421E-07
   5.0000000      8.87209310E-08
  -5.0000000      1.48231038E-07
  -4.6551723      1.65608174E-06
  -4.3103447      3.44289547E-05
  -3.9655173      7.27981023E-05
  -3.6206896      1.22803540E-05
  -3.2758620      1.54127507E-03
  -2.9310346      6.54518604E-03
  -2.5862069      6.36753021E-03
  -2.2413793      3.02480985E-05
  -1.8965516      2.65659560E-02
  -1.5517240      0.10970489    
  -1.2068965      0.20361985    
 -0.86206913      0.25619459    
 -0.51724148      0.26632291    
 -0.17241383      0.26135695    
  0.17241383      0.26135734    
  0.51724148      0.26632321    
  0.86206913      0.25619489    
   1.2068968      0.20361991    
   1.5517244      0.10970495    
   1.8965521      2.65658963E-02
   2.2413793      3.02478529E-05
   2.5862069      6.36752648E-03
   2.9310346      6.54519303E-03
   3.2758617      1.54127891E-03
   3.6206894      1.22802685E-05
   3.9655170      7.27988008E-05
   4.3103447      3.44290638E-05
   4.6551723      1.65605650E-06
   5.0000000      1.48236225E-07
  -5.0000000      3.74045896E-08
  -4.6551723      1.02714976E-05
  -4.3103447      9.81676130E-05
  -3.9655173      1.04319806E-04
  -3.6206896      1.51918488E-04
  -3.2758620      3.61396978E-03
  -2.9310346      9.93805844E-03
  -2.5862069      5.78175997E-03
  -2.2413793      1.32407050E-03
  -1.8965516      4.11386378E-02
  -1.5517240      0.12757610    
  -1.2068965      0.20663591    
 -0.86206913      0.24212903    
 -0.51724148      0.24336353    
 -0.17241383      0.23585850    
  0.17241383      0.23585871    
  0.51724148      0.24336381    
  0.86206913      0.24212936    
   1.2068968      0.20663604    
   1.5517244      0.12757614    
   1.8965521      4.11386192E-02
   2.2413793      1.32406235E-03
   2.5862069      5.78175299E-03
   2.9310346      9.93806403E-03
   3.2758617      3.61397793E-03
   3.6206894      1.51918925E-04
   3.9655170      1.04320621E-04
   4.3103447      9.81681878E-05
   4.6551723      1.02714521E-05
   5.0000000      3.74096913E-08
  -5.0000000      5.82548239E-07
  -4.6551723      4.59111579E-05
  -4.3103447      2.23279305E-04
  -3.9655173      8.62183515E-05
  -3.6206896      7.40605115E-04
  -3.2758620      7.12074153E-03
  -2.9310346      1.28590241E-02
  -2.5862069      3.86249810E-03
  -2.2413793      5.28074568E-03
  -1.8965516      5.72457835E-02
  -1.5517240      0.14135748    
  -1.2068965      0.20532572    
 -0.86206913      0.22772445    
 -0.51724148      0.22320141    
 -0.17241383      0.21439494    
  0.17241383      0.21439491    
  0.51724148      0.22320169    
  0.86206913      0.22772470    
   1.2068968      0.20532599    
   1.5517244      0.14135748    
   1.8965521      5.72458059E-02
   2.2413793      5.28072380E-03
   2.5862069      3.86249577E-03
   2.9310346      1.28590204E-02
   3.2758617      7.12075410E-03
   3.6206894      7.40607560E-04
   3.9655170      8.62188026E-05
   4.3103447      2.23280687E-04
   4.6551723      4.59112016E-05
   5.0000000      5.82522659E-07
  -5.0000000      1.05280806E-05
  -4.6551723      1.56755326E-04
  -4.3103447      3.97239404E-04
  -3.9655173      1.29050241E-05
  -3.6206896      2.35296413E-03
  -3.2758620      1.18841520E-02
  -2.9310346      1.41317276E-02
  -2.5862069      1.51711353E-03
  -2.2413793      1.22812446E-02
  -1.8965516      7.31134787E-02
  -1.5517240      0.15090141    
  -1.2068965      0.20109467    
 -0.86206913      0.21370150    
 -0.51724148      0.20552318    
 -0.17241383      0.19616757    
  0.17241383      0.19616748    
  0.51724148      0.20552337    
  0.86206913      0.21370181    
   1.2068968      0.20109497    
   1.5517244      0.15090153    
   1.8965521      7.31134936E-02
   2.2413793      1.22812316E-02
   2.5862069      1.51712075E-03
   2.9310346      1.41317258E-02
   3.2758617      1.18841603E-02
   3.6206894      2.35297112E-03
   3.9655170      1.29050059E-05
   4.3103447      3.97241325E-04
   4.6551723      1.56755937E-04
   5.0000000      1.05280114E-05
  -5.0000000      6.62437378E-05
  -4.6551723      4.21259145E-04
  -4.3103447      5.29771671E-04
  -3.9655173      7.72454077E-05
  -3.6206896      5.61973685E-03
  -3.2758620      1.69531107E-02
  -2.9310346      1.30939325E-02
  -2.5862069      7.83044015E-05
  -2.2413793      2.18220279E-02
  -1.8965516      8.73933136E-02
  -1.5517240      0.15671247    
  -1.2068965      0.19504161    
 -0.86206913      0.20041996    
 -0.51724148      0.19000618    
 -0.17241383      0.18055330    
  0.17241383      0.18055335    
  0.51724148      0.19000618    
  0.86206913      0.20042026    
   1.2068968      0.19504188    
   1.5517244      0.15671270    
   1.8965521      8.73933285E-02
   2.2413793      2.18220335E-02
   2.5862069      7.83066571E-05
   2.9310346      1.30939456E-02
   3.2758617      1.69531181E-02
   3.6206894      5.61974337E-03
   3.9655170      7.72459534E-05
   4.3103447      5.29772951E-04
   4.6551723      4.21261066E-04
   5.0000000      6.62439488E-05
  -5.0000000      2.58295389E-04
  -4.6551723      9.03351058E-04
  -4.3103447      4.76745889E-04
  -3.9655173      8.25515424E-04
  -3.6206896      1.07672289E-02
  -3.2758620      2.08676644E-02
  -2.9310346      1.00473491E-02
  -2.5862069      6.25632470E-04
  -2.2413793      3.28604095E-02
  -1.8965516      9.93897617E-02
  -1.5517240      0.15951529    
  -1.2068965      0.18793617    
 -0.86206913      0.18804194    
 -0.51724148      0.17635213    
 -0.17241383      0.16706546    
  0.17241383      0.16706550    
  0.51724148      0.17635210    
  0.86206913      0.18804207    
   1.2068968      0.18793660    
   1.5517244      0.15951559    
   1.8965521      9.93897840E-02
   2.2413793      3.28604132E-02
   2.5862069      6.25627115E-04
   2.9310346      1.00473715E-02
   3.2758617      2.08676774E-02
   3.6206894      1.07672345E-02
   3.9655170      8.25517869E-04
   4.3103447      4.76745568E-04
   4.6551723      9.03354492E-04
   5.0000000      2.58297019E-04
  -5.0000000      7.18736730E-04
  -4.6551723      1.54584262E-03
  -4.3103447      2.02007825E-04
  -3.9655173      3.06958868E-03
  -3.6206896      1.71954278E-02
  -3.2758620      2.23749578E-02
  -2.9310346      6.10065926E-03
  -2.5862069      3.56238638E-03
  -2.2413793      4.43076715E-02
  -1.8965516      0.10893443    
  -1.5517240      0.16000108    
  -1.2068965      0.18030381    
 -0.86206913      0.17662044    
 -0.51724148      0.16429462    
 -0.17241383      0.15532276    
  0.17241383      0.15532273    
  0.51724148      0.16429462    
  0.86206913      0.17662051    
   1.2068968      0.18030427    
   1.5517244      0.16000141    
   1.8965521      0.10893455    
   2.2413793      4.43076491E-02
   2.5862069      3.56238359E-03
   2.9310346      6.10067789E-03
   3.2758617      2.23749839E-02
   3.6206894      1.71954315E-02
   3.9655170      3.06959217E-03
   4.3103447      2.02006951E-04
   4.6551723      1.54584553E-03
   5.0000000      7.18741328E-04
  -5.0000000      1.49641116E-03
  -4.6551723      2.07311963E-03
  -4.3103447      9.04947399E-07
  -3.9655173      7.41830142E-03
  -3.6206896      2.35194657E-02
  -3.2758620      2.10840479E-02
  -2.9310346      2.57150270E-03
  -2.5862069      8.65176972E-03
  -2.2413793      5.53347245E-02
  -1.8965516      0.11615124    
  -1.5517240      0.15875083    
  -1.2068965      0.17250364    
 -0.86206913      0.16614288    
 -0.51724148      0.15360269    
 -0.17241383      0.14502506    
  0.17241383      0.14502497    
  0.51724148      0.15360281    
  0.86206913      0.16614297    
   1.2068968      0.17250390    
   1.5517244      0.15875112    
   1.8965521      0.11615147    
   2.2413793      5.53346947E-02
   2.5862069      8.65176227E-03
   2.9310346      2.57151201E-03
   3.2758617      2.10840907E-02
   3.6206894      2.35194657E-02
   3.9655170      7.41830142E-03
   4.3103447      9.05007425E-07
   4.6551723      2.07312196E-03
   5.0000000      1.49641756E-03
  -5.0000000      2.34224903E-03
  -4.6551723      2.06333678E-03
  -4.3103447      5.32467733E-04
  -3.9655173      1.36697153E-02
  -3.6206896      2.81547736E-02
  -3.2758620      1.75741129E-02
  -2.9310346      4.30173357E-04
  -2.5862069      1.53177921E-02
  -2.2413793      6.54268265E-02
  -1.8965516      0.12128728    
  -1.5517240      0.15623954    
  -1.2068965      0.16477467    
 -0.86206913      0.15655906    
 -0.51724148      0.14408095    
 -0.17241383      0.13593413    
  0.17241383      0.13593414    
  0.51724148      0.14408106    
  0.86206913      0.15655924    
   1.2068968      0.16477472    
   1.5517244      0.15623993    
   1.8965521      0.12128759    
   2.2413793      6.54268563E-02
   2.5862069      1.53177641E-02
   2.9310346      4.30176908E-04
   3.2758617      1.75741483E-02
   3.6206894      2.81547979E-02
   3.9655170      1.36697106E-02
   4.3103447      5.32468141E-04
   4.6551723      2.06333864E-03
   5.0000000      2.34225276E-03
  -5.0000000      2.65664561E-03
  -4.6551723      1.29573862E-03
  -4.3103447      2.49257102E-03
  -3.9655173      2.05878112E-02
  -3.6206896      3.00260521E-02
  -3.2758620      1.29624447E-02
  -2.9310346      9.28237059E-05
  -2.5862069      2.29222495E-02
  -2.2413793      7.43121207E-02
  -1.8965516      0.12463710    
  -1.5517240      0.15285040    
  -1.2068965      0.15726572    
 -0.86206913      0.14780129    
 -0.51724148      0.13556515    
 -0.17241383      0.12785882    
  0.17241383      0.12785892    
  0.51724148      0.13556531    
  0.86206913      0.14780144    
   1.2068968      0.15726575    
   1.5517244      0.15285061    
   1.8965521      0.12463735    
   2.2413793      7.43122846E-02
   2.5862069      2.29222029E-02
   2.9310346      9.28217851E-05
   3.2758617      1.29624754E-02
   3.6206894      3.00260931E-02
   3.9655170      2.05878112E-02
   4.3103447      2.49256543E-03
   4.6551723      1.29573862E-03
   5.0000000      2.65664374E-03
  -5.0000000      1.92558428E-03
  -4.6551723      2.35137413E-04
  -4.3103447      6.14852877E-03
  -3.9655173      2.63653267E-02
  -3.6206896      2.88974326E-02
  -3.2758620      8.34235270E-03
  -2.9310346      1.51490560E-03
  -2.5862069      3.08930241E-02
  -2.2413793      8.18823874E-02
  -1.8965516      0.12651275    
  -1.5517240      0.14888290    
  -1.2068965      0.15006170    
 -0.86206913      0.13979702    
 -0.51724148      0.12791714    
 -0.17241383      0.12064511    
  0.17241383      0.12064521    
  0.51724148      0.12791732    
  0.86206913      0.13979715    
   1.2068968      0.15006177    
   1.5517244      0.14888299    
   1.8965521      0.12651296    
   2.2413793      8.18826631E-02
   2.5862069      3.08930296E-02
   2.9310346      1.51488767E-03
   3.2758617      8.34237225E-03
   3.6206894      2.88974717E-02
   3.9655170      2.63653323E-02
   4.3103447      6.14851713E-03
   4.6551723      2.35137326E-04
   5.0000000      1.92557834E-03
  -5.0000000      5.28090517E-04
  -4.6551723      2.83166446E-04
  -4.3103447      1.11966822E-02
  -3.9655173      2.95037981E-02
  -3.6206896      2.52253562E-02
  -3.2758620      4.45860531E-03
  -2.9310346      4.38028527E-03
  -2.5862069      3.87422852E-02
  -2.2413793      8.81363973E-02
  -1.8965516      0.12722056    
  -1.5517240      0.14456597    
  -1.2068965      0.14320713    
 -0.86206913      0.13247392    
 -0.51724148      0.12102009    
 -0.17241383      0.11416760    
  0.17241383      0.11416773    
  0.51724148      0.12102029    
  0.86206913      0.13247395    
   1.2068968      0.14320724    
   1.5517244      0.14456604    
   1.8965521      0.12722082    
   2.2413793      8.81366804E-02
   2.5862069      3.87423858E-02
   2.9310346      4.38024895E-03
   3.2758617      4.45862627E-03
   3.6206894      2.52253786E-02
   3.9655170      2.95038037E-02
   4.3103447      1.11966711E-02
   4.6551723      2.83166126E-04
   5.0000000      5.28086792E-04
  -5.0000000      1.10481509E-04
  -4.6551723      3.47276009E-03
  -4.3103447      1.71108283E-02
  -3.9655173      2.95089483E-02
  -3.6206896      1.98303927E-02
  -3.2758620      1.69104163E-03
  -2.9310346      8.26235302E-03
  -2.5862069      4.60531712E-02
  -2.2413793      9.31253433E-02
  -1.8965516      0.12703705    
  -1.5517240      0.14007913    
  -1.2068965      0.13672403    
 -0.86206913      0.12576112    
 -0.51724148      0.11477455    
 -0.17241383      0.10832386    
  0.17241383      0.10832398    
  0.51724148      0.11477467    
  0.86206913      0.12576121    
   1.2068968      0.13672410    
   1.5517244      0.14007922    
   1.8965521      0.12703723    
   2.2413793      9.31255966E-02
   2.5862069      4.60533388E-02
   2.9310346      8.26232973E-03
   3.2758617      1.69106305E-03
   3.6206894      1.98304020E-02
   3.9655170      2.95089539E-02
   4.3103447      1.71108339E-02
   4.6551723      3.47275869E-03
   5.0000000      1.10482528E-04
  -5.0000000      2.77072075E-03
  -4.6551723      1.16189215E-02
  -4.3103447      2.36355998E-02
  -3.9655173      2.69967262E-02
  -3.6206896      1.36847720E-02
  -3.2758620      2.12775223E-04
  -2.9310346      1.27549516E-02
  -2.5862069      5.24806194E-02
  -2.2413793      9.68907177E-02
  -1.8965516      0.12618588    
  -1.5517240      0.13557175    
  -1.2068965      0.13062464    
 -0.86206913      0.11959224    
 -0.51724148      0.10909476    
 -0.17241383      0.10302886    
  0.17241383      0.10302886    
  0.51724148      0.10909482    
  0.86206913      0.11959243    
   1.2068968      0.13062461    
   1.5517244      0.13557185    
   1.8965521      0.12618603    
   2.2413793      9.68909264E-02
   2.5862069      5.24807982E-02
   2.9310346      1.27549721E-02
   3.2758617      2.12783154E-04
   3.6206894      1.36848055E-02
   3.9655170      2.69967262E-02
   4.3103447      2.36356091E-02
   4.6551723      1.16189215E-02
   5.0000000      2.77071842E-03
  -5.0000000      9.44801793E-03
  -4.6551723      2.53017619E-02
  -4.3103447      3.09641566E-02
  -3.9655173      2.32577920E-02
  -3.6206896      7.83667155E-03
  -3.2758620      1.72888453E-04
  -2.9310346      1.76003277E-02
  -2.5862069      5.77840954E-02
  -2.2413793      9.94144976E-02
  -1.8965516      0.12481333    
  -1.5517240      0.13116977    
  -1.2068965      0.12492400    
 -0.86206913      0.11390929    
 -0.51724148      0.10390558    
 -0.17241383      9.82106104E-02
  0.17241383      9.82105210E-02
  0.51724148      0.10390562    
  0.86206913      0.11390954    
   1.2068968      0.12492391    
   1.5517244      0.13116986    
   1.8965521      0.12481350    
   2.2413793      9.94146243E-02
   2.5862069      5.77842668E-02
   2.9310346      1.76003966E-02
   3.2758617      1.72885440E-04
   3.6206894      7.83671997E-03
   3.9655170      2.32578050E-02
   4.3103447      3.09641790E-02
   4.6551723      2.53017768E-02
   5.0000000      9.44800954E-03
  -5.0000000      1.89518221E-02
  -4.6551723      4.32080813E-02
  -4.3103447      3.94697115E-02
  -3.9655173      1.96312554E-02
  -3.6206896      3.28460429E-03
  -3.2758620      1.80812820E-03
  -2.9310346      2.27980819E-02
  -2.5862069      6.18993901E-02
  -2.2413793      0.10061590    
  -1.8965516      0.12295679    
  -1.5517240      0.12696420    
  -1.2068965      0.11964980    
 -0.86206913      0.10866980    
 -0.51724148      9.91405249E-02
 -0.17241383      9.38055292E-02
  0.17241383      9.38054249E-02
  0.51724148      9.91406217E-02
  0.86206913      0.10866990    
   1.2068968      0.11964990    
   1.5517244      0.12696424    
   1.8965521      0.12295692    
   2.2413793      0.10061602    
   2.5862069      6.18995242E-02
   2.9310346      2.27981862E-02
   3.2758617      1.80814182E-03
   3.6206894      3.28464480E-03
   3.9655170      1.96313057E-02
   4.3103447      3.94697376E-02
   4.6551723      4.32080701E-02
   5.0000000      1.89518016E-02
  -5.0000000      2.85724048E-02
  -4.6551723      6.22432940E-02
  -4.3103447      4.91844341E-02
  -3.9655173      1.70524344E-02
  -3.6206896      6.80123630E-04
  -3.2758620      5.41519141E-03
  -2.9310346      2.86432616E-02
  -2.5862069      6.50340244E-02
  -2.2413793      0.10042012    
  -1.8965516      0.12052113    
  -1.5517240      0.12297961    
  -1.2068965      0.11484311    
 -0.86206913      0.10385592    
 -0.51724148      9.47443247E-02
 -0.17241383      8.97533074E-02
  0.17241383      8.97533223E-02
  0.51724148      9.47443768E-02
  0.86206913      0.10385589    
   1.2068968      0.11484331    
   1.5517244      0.12297968    
   1.8965521      0.12052115    
   2.2413793      0.10042021    
   2.5862069      6.50340691E-02
   2.9310346      2.86433883E-02
   3.2758617      5.41524077E-03
   3.6206894      6.80134690E-04
   3.9655170      1.70525350E-02
   4.3103447      4.91844676E-02
   4.6551723      6.22432716E-02
   5.0000000      2.85723843E-02
  -5.0000000      3.56719419E-02
  -4.6551723      7.84857720E-02
  -4.3103447      5.93378209E-02
  -3.9655173      1.59346573E-02
  -3.6206896      3.26765780E-06
  -3.2758620      1.11346208E-02
  -2.9310346      3.56490500E-02
  -2.5862069      6.77335709E-02
  -2.2413793      9.88944918E-02
  -1.8965516      0.11729670    
  -1.5517240      0.11912994    
  -1.2068965      0.11053957    
 -0.86206913      9.94831398E-02
 -0.51724148      9.06790048E-02
 -0.17241383      8.59932676E-02
  0.17241383      8.59934613E-02
  0.51724148      9.06789303E-02
  0.86206913      9.94830281E-02
   1.2068968      0.11053977    
   1.5517244      0.11913012    
   1.8965521      0.11729672    
   2.2413793      9.88945812E-02
   2.5862069      6.77336603E-02
   2.9310346      3.56491841E-02
   3.2758617      1.11347064E-02
   3.6206894      3.26768304E-06
   3.9655170      1.59347877E-02
   4.3103447      5.93379252E-02
   4.6551723      7.84857571E-02
   5.0000000      3.56719196E-02
  -5.0000000      3.88861075E-02
  -4.6551723      8.85879323E-02
  -4.3103447      6.82821870E-02
  -3.9655173      1.62714291E-02
  -3.6206896      5.33155049E-04
  -3.2758620      1.85928922E-02
  -2.9310346      4.43336479E-02
  -2.5862069      7.08498806E-02
  -2.2413793      9.64043587E-02
  -1.8965516      0.11305455    
  -1.5517240      0.11518311    
  -1.2068965      0.10672718    
 -0.86206913      9.55992341E-02
 -0.51724148      8.69337246E-02
 -0.17241383      8.24649781E-02
  0.17241383      8.24650824E-02
  0.51724148      8.69336501E-02
  0.86206913      9.55991969E-02
   1.2068968      0.10672730    
   1.5517244      0.11518339    
   1.8965521      0.11305463    
   2.2413793      9.64043289E-02
   2.5862069      7.08500221E-02
   2.9310346      4.43337597E-02
   3.2758617      1.85929853E-02
   3.6206894      5.33162849E-04
   3.9655170      1.62715353E-02
   4.3103447      6.82824254E-02
   4.6551723      8.85879546E-02
   5.0000000      3.88860777E-02
  -5.0000000      3.82546857E-02
  -4.6551723      9.09091458E-02
  -4.3103447      7.39847198E-02
  -3.9655173      1.77262034E-02
  -3.6206896      1.26415410E-03
  -3.2758620      2.66330410E-02
  -2.9310346      5.48751764E-02
  -2.5862069      7.53755197E-02
  -2.2413793      9.37019810E-02
  -1.8965516      0.10772247    
  -1.5517240      0.11077314    
  -1.2068965      0.10328592    
 -0.86206913      9.22617167E-02
 -0.51724148      8.35338011E-02
 -0.17241383      7.91169032E-02
  0.17241383      7.91167840E-02
  0.51724148      8.35337862E-02
  0.86206913      9.22616944E-02
   1.2068968      0.10328592    
   1.5517244      0.11077335    
   1.8965521      0.10772257    
   2.2413793      9.37019065E-02
   2.5862069      7.53756985E-02
   2.9310346      5.48752956E-02
   3.2758617      2.66331378E-02
   3.6206894      1.26416737E-03
   3.9655170      1.77262388E-02
   4.3103447      7.39850625E-02
   4.6551723      9.09092724E-02
   5.0000000      3.82546559E-02
  -5.0000000      3.46513130E-02
  -4.6551723      8.58103260E-02
  -4.3103447      7.48760179E-02
  -3.9655173      1.96393896E-02
  -3.6206896      1.50262949E-03
  -3.2758620      3.34636867E-02
  -2.9310346      6.67104721E-02
  -2.5862069      8.21595937E-02
  -2.2413793      9.18694586E-02
  -1.8965516      0.10158340    
  -1.5517240      0.10550225    
  -1.2068965      9.99336839E-02
 -0.86206913      8.94845799E-02
 -0.51724148      8.05384368E-02
 -0.17241383      7.59277940E-02
  0.17241383      7.59275407E-02
  0.51724148      8.05384517E-02
  0.86206913      8.94845650E-02
   1.2068968      9.99336839E-02
   1.5517244      0.10550233    
   1.8965521      0.10158349    
   2.2413793      9.18694809E-02
   2.5862069      8.21596831E-02
   2.9310346      6.67106584E-02
   3.2758617      3.34637947E-02
   3.6206894      1.50264252E-03
   3.9655170      1.96393821E-02
   4.3103447      7.48763233E-02
   4.6551723      8.58106241E-02
   5.0000000      3.46513242E-02
  -5.0000000      2.91868784E-02
  -4.6551723      7.51045123E-02
  -4.3103447      7.05194995E-02
  -3.9655173      2.11149622E-02
  -3.6206896      1.17089390E-03
  -3.2758620      3.73358950E-02
  -2.9310346      7.83007294E-02
  -2.5862069      9.15411115E-02
  -2.2413793      9.21033993E-02
  -1.8965516      9.53850970E-02
  -1.5517240      9.91411805E-02
  -1.2068965      9.62222889E-02
 -0.86206913      8.71594176E-02
 -0.51724148      7.80169293E-02
 -0.17241383      7.29382783E-02
  0.17241383      7.29381666E-02
  0.51724148      7.80168697E-02
  0.86206913      8.71594176E-02
   1.2068968      9.62223262E-02
   1.5517244      9.91410911E-02
   1.8965521      9.53851715E-02
   2.2413793      9.21035632E-02
   2.5862069      9.15411264E-02
   2.9310346      7.83008784E-02
   3.2758617      3.73360142E-02
   3.6206894      1.17090705E-03
   3.9655170      2.11149566E-02
   4.3103447      7.05196261E-02
   4.6551723      7.51048699E-02
   5.0000000      2.91869752E-02
  -5.0000000      2.28961725E-02
  -4.6551723      6.11640699E-02
  -4.3103447      6.16976395E-02
  -3.9655173      2.13101730E-02
  -3.6206896      6.18202146E-04
  -3.2758620      3.73853743E-02
  -2.9310346      8.73718858E-02
  -2.5862069      0.10296816    
  -2.2413793      9.54023972E-02
  -1.8965516      9.02649909E-02
  -1.5517240      9.18617845E-02
  -1.2068965      9.16320086E-02
 -0.86206913      8.49748775E-02
 -0.51724148      7.59971812E-02
 -0.17241383      7.02804625E-02
  0.17241383      7.02805892E-02
  0.51724148      7.59970322E-02
  0.86206913      8.49748924E-02
   1.2068968      9.16320086E-02
   1.5517244      9.18616354E-02
   1.8965521      9.02650058E-02
   2.2413793      9.54026058E-02
   2.5862069      0.10296820    
   2.9310346      8.73719901E-02
   3.2758617      3.73855010E-02
   3.6206894      6.18214777E-04
   3.9655170      2.13101860E-02
   4.3103447      6.16976693E-02
   4.6551723      6.11643866E-02
   5.0000000      2.28963755E-02
  -5.0000000      1.66360121E-02
  -4.6551723      4.62177545E-02
  -4.3103447      4.99794893E-02
  -3.9655173      1.97838154E-02
  -3.6206896      2.00341703E-04
  -3.2758620      3.40300836E-02
  -2.9310346      9.17249545E-02
  -2.5862069      0.11478375    
  -2.2413793      0.10222155    
  -1.8965516      8.74959454E-02
  -1.5517240      8.43673348E-02
  -1.2068965      8.57805759E-02
 -0.86206913      8.23895484E-02
 -0.51724148      7.43954703E-02
 -0.17241383      6.81834146E-02
  0.17241383      6.81835562E-02
  0.51724148      7.43954033E-02
  0.86206913      8.23894963E-02
   1.2068968      8.57805237E-02
   1.5517244      8.43672454E-02
   1.8965521      8.74959454E-02
   2.2413793      0.10222170    
   2.5862069      0.11478396    
   2.9310346      9.17250440E-02
   3.2758617      3.40301804E-02
   3.6206894      2.00349037E-04
   3.9655170      1.97838023E-02
   4.3103447      4.99795340E-02
   4.6551723      4.62179296E-02
   5.0000000      1.66362431E-02
  -5.0000000      1.10448543E-02
  -4.6551723      3.20304148E-02
  -4.3103447      3.71513143E-02
  -3.9655173      1.66466236E-02
  -3.6206896      2.61197893E-05
  -3.2758620      2.86354143E-02
  -2.9310346      9.02332589E-02
  -2.5862069      0.12446215    
  -2.2413793      0.11213527    
  -1.8965516      8.81619826E-02
  -1.5517240      7.78016672E-02
  -1.2068965      7.86837712E-02
 -0.86206913      7.87272677E-02
 -0.51724148      7.29557946E-02
 -0.17241383      6.69301525E-02
  0.17241383      6.69301376E-02
  0.51724148      7.29559883E-02
  0.86206913      7.87270814E-02
   1.2068968      7.86836222E-02
   1.5517244      7.78016821E-02
   1.8965521      8.81619975E-02
   2.2413793      0.11213529    
   2.5862069      0.12446246    
   2.9310346      9.02333483E-02
   3.2758617      2.86354683E-02
   3.6206894      2.61219266E-05
   3.9655170      1.66465733E-02
   4.3103447      3.71514149E-02
   4.6551723      3.20305526E-02
   5.0000000      1.10450024E-02
  -5.0000000      6.51688036E-03
  -4.6551723      1.98463686E-02
  -4.3103447      2.48221215E-02
  -3.9655173      1.24468710E-02
  -3.6206896      5.94362461E-08
  -3.2758620      2.27566026E-02
  -2.9310346      8.33647028E-02
  -2.5862069      0.12941861    
  -2.2413793      0.12362239    
  -1.8965516      9.28560495E-02
  -1.5517240      7.34524503E-02
  -1.2068965      7.09175467E-02
 -0.86206913      7.34355748E-02
 -0.51724148      7.12461397E-02
 -0.17241383      6.67499825E-02
  0.17241383      6.67499006E-02
  0.51724148      7.12463483E-02
  0.86206913      7.34354407E-02
   1.2068968      7.09173977E-02
   1.5517244      7.34525323E-02
   1.8965521      9.28560644E-02
   2.2413793      0.12362242    
   2.5862069      0.12941886    
   2.9310346      8.33648369E-02
   3.2758617      2.27566250E-02
   3.6206894      5.93345462E-08
   3.9655170      1.24468291E-02
   4.3103447      2.48222258E-02
   4.6551723      1.98465418E-02
   5.0000000      6.51691528E-03
  -5.0000000      3.21491272E-03
  -4.6551723      1.04190176E-02
  -4.3103447      1.42568517E-02
  -3.9655173      7.94225745E-03
  -3.6206896      8.80020650E-07
  -3.2758620      1.75207946E-02
  -2.9310346      7.28717968E-02
  -2.5862069      0.12806310    
  -2.2413793      0.13422090    
  -1.8965516      0.10140225    
  -1.5517240      7.24024028E-02
  -1.2068965      6.35417551E-02
 -0.86206913      6.64428845E-02
 -0.51724148      6.87596723E-02
 -0.17241383      6.76490813E-02
  0.17241383      6.76491931E-02
  0.51724148      6.87596351E-02
  0.86206913      6.64428696E-02
   1.2068968      6.35416508E-02
   1.5517244      7.24024028E-02
   1.8965521      0.10140232    
   2.2413793      0.13422108    
   2.5862069      0.12806320    
   2.9310346      7.28720054E-02
   3.2758617      1.75208449E-02
   3.6206894      8.79660661E-07
   3.9655170      7.94225652E-03
   4.3103447      1.42569225E-02
   4.6551723      1.04191462E-02
   5.0000000      3.21489503E-03
  -5.0000000      1.12742616E-03
  -4.6551723      4.05818736E-03
  -4.3103447      6.33396208E-03
  -3.9655173      3.91787430E-03
  -3.6206896      1.05218051E-05
  -3.2758620      1.34459361E-02
  -2.9310346      6.09319285E-02
  -2.5862069      0.12045024    
  -2.2413793      0.14121497    
  -1.8965516      0.11262459    
  -1.5517240      7.52580240E-02
  -1.2068965      5.77953793E-02
 -0.86206913      5.84101081E-02
 -0.51724148      6.51266277E-02
 -0.17241383      6.92092180E-02
  0.17241383      6.92093745E-02
  0.51724148      6.51264340E-02
  0.86206913      5.84101416E-02
   1.2068968      5.77954054E-02
   1.5517244      7.52579048E-02
   1.8965521      0.11262469    
   2.2413793      0.14121515    
   2.5862069      0.12045033    
   2.9310346      6.09320439E-02
   3.2758617      1.34460311E-02
   3.6206894      1.05228673E-05
   3.9655170      3.91790411E-03
   4.3103447      6.33402029E-03
   4.6551723      4.05822415E-03
   5.0000000      1.12741464E-03
  -5.0000000      1.37501120E-04
  -4.6551723      7.10022694E-04
  -4.3103447      1.54128706E-03
  -3.9655173      1.08279986E-03
  -3.6206896      1.46801176E-04
  -3.2758620      1.05978679E-02
  -2.9310346      4.93511595E-02
  -2.5862069      0.10811100    
  -2.2413793      0.14261635    
  -1.8965516      0.12434538    
  -1.5517240      8.19412470E-02
  -1.2068965      5.47535308E-02
 -0.86206913      5.06529957E-02
 -0.51724148      6.03511967E-02
 -0.17241383      7.04429150E-02
  0.17241383      7.04428032E-02
  0.51724148      6.03510812E-02
  0.86206913      5.06529622E-02
   1.2068968      5.47536276E-02
   1.5517244      8.19411278E-02
   1.8965521      0.12434541    
   2.2413793      0.14261650    
   2.5862069      0.10811118    
   2.9310346      4.93512563E-02
   3.2758617      1.05979796E-02
   3.6206894      1.46804145E-04
   3.9655170      1.08283281E-03
   4.3103447      1.54132186E-03
   4.6551723      7.10010296E-04
   5.0000000      1.37502037E-04
  -5.0000000      7.40577161E-05
  -4.6551723      7.21673059E-05
  -4.3103447      3.44266454E-07
  -3.9655173      1.00691238E-06
  -3.6206896      6.39950507E-04
  -3.2758620      8.83718301E-03
  -2.9310346      3.92229073E-02
  -2.5862069      9.32634175E-02
  -2.2413793      0.13785775    
  -1.8965516      0.13383347    
  -1.5517240      9.15075392E-02
  -1.2068965      5.51403090E-02
 -0.86206913      4.47286516E-02
 -0.51724148      5.49146459E-02
 -0.17241383      6.98725879E-02
  0.17241383      6.98723048E-02
  0.51724148      5.49146049E-02
  0.86206913      4.47286144E-02
   1.2068968      5.51403575E-02
   1.5517244      9.15075690E-02
   1.8965521      0.13383341    
   2.2413793      0.13785785    
   2.5862069      9.32636186E-02
   2.9310346      3.92230600E-02
   3.2758617      8.83727241E-03
   3.6206894      6.39952312E-04
   3.9655170      1.00817624E-06
   4.3103447      3.43895323E-07
   4.6551723      7.21738761E-05
   5.0000000      7.40568576E-05
  -5.0000000      7.42823351E-04
  -4.6551723      1.70872314E-03
  -4.3103447      1.53451925E-03
  -3.9655173      1.03453989E-03
  -3.6206896      1.78525923E-03
  -3.2758620      7.99795613E-03
  -2.9310346      3.10034230E-02
  -2.5862069      7.79751018E-02
  -2.2413793      0.12776904    
  -1.8965516      0.13863520    
  -1.5517240      0.10214867    
  -1.2068965      5.93083650E-02
 -0.86206913      4.19805758E-02
 -0.51724148      4.96322252E-02
 -0.17241383      6.60038218E-02
  0.17241383      6.60036504E-02
  0.51724148      4.96321507E-02
  0.86206913      4.19805534E-02
   1.2068968      5.93083166E-02
   1.5517244      0.10214885    
   1.8965521      0.13863511    
   2.2413793      0.12776910    
   2.5862069      7.79753029E-02
   2.9310346      3.10036317E-02
   3.2758617      7.99800828E-03
   3.6206894      1.78524444E-03
   3.9655170      1.03450730E-03
   4.3103447      1.53451459E-03
   4.6551723      1.70873513E-03
   5.0000000      7.42833712E-04
  -5.0000000      1.94831821E-03
  -4.6551723      5.13247121E-03
  -4.3103447      5.76669211E-03
  -3.9655173      4.31845244E-03
  -3.6206896      3.88049404E-03
  -3.2758620      7.97221623E-03
  -2.9310346      2.47498620E-02
  -2.5862069      6.37030602E-02
  -2.2413793      0.11395794    
  -1.8965516      0.13736275    
  -1.5517240      0.11163008    
  -1.2068965      6.72471523E-02
 -0.86206913      4.33462560E-02
 -0.51724148      4.53236252E-02
 -0.17241383      5.81330620E-02
  0.17241383      5.81331179E-02
  0.51724148      4.53234725E-02
  0.86206913      4.33462337E-02
   1.2068968      6.72470704E-02
   1.5517244      0.11163022    
   1.8965521      0.13736273    
   2.2413793      0.11395796    
   2.5862069      6.37032390E-02
   2.9310346      2.47500874E-02
   3.2758617      7.97223952E-03
   3.6206894      3.88044771E-03
   3.9655170      4.31842403E-03
   4.3103447      5.76670235E-03
   4.6551723      5.13244979E-03
   5.0000000      1.94835372E-03
  -5.0000000      3.51161463E-03
  -4.6551723      9.85491183E-03
  -4.3103447      1.22090513E-02
  -3.9655173      9.78157669E-03
  -3.6206896      7.16366526E-03
  -3.2758620      8.73279013E-03
  -2.9310346      2.03235336E-02
  -2.5862069      5.12404665E-02
  -2.2413793      9.81066525E-02
  -1.8965516      0.13001657    
  -1.5517240      0.11810840    
  -1.2068965      7.85389021E-02
 -0.86206913      4.93442975E-02
 -0.51724148      4.24937047E-02
 -0.17241383      4.70238067E-02
  0.17241383      4.70239744E-02
  0.51724148      4.24936116E-02
  0.86206913      4.93441597E-02
   1.2068968      7.85389319E-02
   1.5517244      0.11810832    
   1.8965521      0.13001668    
   2.2413793      9.81066898E-02
   2.5862069      5.12407161E-02
   2.9310346      2.03236863E-02
   3.2758617      8.73279292E-03
   3.6206894      7.16359867E-03
   3.9655170      9.78157949E-03
   4.3103447      1.22090466E-02
   4.6551723      9.85488947E-03
   5.0000000      3.51165002E-03
  -5.0000000      5.28078759E-03
  -4.6551723      1.54208029E-02
  -4.3103447      2.03237291E-02
  -3.9655173      1.71949081E-02
  -3.6206896      1.17785865E-02
  -3.2758620      1.03264265E-02
  -2.9310346      1.75062567E-02
  -2.5862069      4.08664718E-02
  -2.2413793      8.15937147E-02
  -1.8965516      0.11778607    
  -1.5517240      0.12084272    
  -1.2068965      9.23066214E-02
 -0.86206913      5.98500594E-02
 -0.51724148      4.11840864E-02
 -0.17241383      3.48188244E-02
  0.17241383      3.48188542E-02
  0.51724148      4.11841236E-02
  0.86206913      5.98498620E-02
   1.2068968      9.23065990E-02
   1.5517244      0.12084255    
   1.8965521      0.11778622    
   2.2413793      8.15938860E-02
   2.5862069      4.08666916E-02
   2.9310346      1.75063200E-02
   3.2758617      1.03264134E-02
   3.6206894      1.17785474E-02
   3.9655170      1.71949305E-02
   4.3103447      2.03237068E-02
   4.6551723      1.54208215E-02
   5.0000000      5.28078433E-03
  -5.0000000      7.13299774E-03
  -4.6551723      2.14326642E-02
  -4.3103447      2.95616779E-02
  -3.9655173      2.62214579E-02
  -3.6206896      1.77809466E-02
  -3.2758620      1.28553705E-02
  -2.9310346      1.60582475E-02
  -2.5862069      3.25187407E-02
  -2.2413793      6.54862747E-02
  -1.8965516      0.10258345    
  -1.5517240      0.12029300    
  -1.2068965      0.10718906    
 -0.86206913      7.35712796E-02
 -0.51724148      4.10212539E-02
 -0.17241383      2.40422282E-02
  0.17241383      2.40421556E-02
  0.51724148      4.10213768E-02
  0.86206913      7.35712796E-02
   1.2068968      0.10718881    
   1.5517244      0.12029298    
   1.8965521      0.10258347    
   2.2413793      6.54866546E-02
   2.5862069      3.25188972E-02
   2.9310346      1.60582326E-02
   3.2758617      1.28553594E-02
   3.6206894      1.77809820E-02
   3.9655170      2.62214392E-02
   4.3103447      2.95616984E-02
   4.6551723      2.14327034E-02
   5.0000000      7.13294884E-03
  -5.0000000      8.97202361E-03
  -4.6551723      2.75591239E-02
  -4.3103447      3.93955037E-02
  -3.9655173      3.64639759E-02
  -3.6206896      2.51694657E-02
  -3.2758620      1.64527539E-02
  -2.9310346      1.57435313E-02
  -2.5862069      2.59348880E-02
  -2.2413793      5.06794266E-02
  -1.8965516      8.65570232E-02
  -1.5517240      0.11756828    
  -1.2068965      0.12130715    
 -0.86206913      8.77762064E-02
 -0.51724148      4.14249524E-02
 -0.17241383      1.63872819E-02
  0.17241383      1.63872521E-02
  0.51724148      4.14249897E-02
  0.86206913      8.77763778E-02
   1.2068968      0.12130667    
   1.5517244      0.11756825    
   1.8965521      8.65571126E-02
   2.2413793      5.06798178E-02
   2.5862069      2.59349681E-02
   2.9310346      1.57434754E-02
   3.2758617      1.64527502E-02
   3.6206894      2.51695514E-02
   3.9655170      3.64639238E-02
   4.3103447      3.93955857E-02
   4.6551723      2.75591295E-02
   5.0000000      8.97197239E-03
  -5.0000000      1.07243899E-02
  -4.6551723      3.35268266E-02
  -4.3103447      4.93514277E-02
  -3.9655173      4.75238860E-02
  -3.6206896      3.39150243E-02
  -3.2758620      2.12419648E-02
  -2.9310346      1.63283050E-02
  -2.5862069      2.07799375E-02
  -2.2413793      3.79547924E-02
  -1.8965516      7.16571212E-02
  -1.5517240      0.11364020    
  -1.2068965      0.13226022    
 -0.86206913      9.89242196E-02
 -0.51724148      4.19204198E-02
 -0.17241383      1.22639872E-02
  0.17241383      1.22640273E-02
  0.51724148      4.19203974E-02
  0.86206913      9.89243090E-02
   1.2068968      0.13225996    
   1.5517244      0.11363999    
   1.8965521      7.16574565E-02
   2.2413793      3.79550010E-02
   2.5862069      2.07800008E-02
   2.9310346      1.63282473E-02
   3.2758617      2.12419853E-02
   3.6206894      3.39150615E-02
   3.9655170      4.75239009E-02
   4.3103447      4.93515097E-02
   4.6551723      3.35267708E-02
   5.0000000      1.07243741E-02
  -5.0000000      1.23332776E-02
  -4.6551723      3.91079038E-02
  -4.3103447      5.90395220E-02
  -3.9655173      5.90717942E-02
  -3.6206896      4.39670868E-02
  -3.2758620      2.72628833E-02
  -2.9310346      1.75628513E-02
  -2.5862069      1.67676304E-02
  -2.2413793      2.78924070E-02
  -1.8965516      5.92661314E-02
  -1.5517240      0.10878633    
  -1.2068965      0.13737969    
 -0.86206913      0.10408690    
 -0.51724148      4.24169339E-02
 -0.17241383      1.13620898E-02
  0.17241383      1.13621438E-02
  0.51724148      4.24169339E-02
  0.86206913      0.10408667    
   1.2068968      0.13737981    
   1.5517244      0.10878613    
   1.8965521      5.92664219E-02
   2.2413793      2.78924778E-02
   2.5862069      1.67676564E-02
   2.9310346      1.75628588E-02
   3.2758617      2.72629131E-02
   3.6206894      4.39670719E-02
   3.9655170      5.90719320E-02
   4.3103447      5.90395369E-02
   4.6551723      3.91078256E-02
   5.0000000      1.23332990E-02
  -5.0000000      1.37496758E-02
  -4.6551723      4.41165194E-02
  -4.3103447      6.81851879E-02
  -3.9655173      7.09014982E-02
  -3.6206896      5.52228205E-02
  -3.2758620      3.43684629E-02
  -2.9310346      1.91798620E-02
  -2.5862069      1.37483478E-02
  -2.2413793      2.07380801E-02
  -1.8965516      4.99720387E-02
  -1.5517240      0.10248782    
  -1.2068965      0.13446362    
 -0.86206913      0.10222556    
 -0.51724148      4.32673916E-02
 -0.17241383      1.35310134E-02
  0.17241383      1.35310199E-02
  0.51724148      4.32674102E-02
  0.86206913      0.10222521    
   1.2068968      0.13446377    
   1.5517244      0.10248796    
   1.8965521      4.99721207E-02
   2.2413793      2.07381062E-02
   2.5862069      1.37483338E-02
   2.9310346      1.91799402E-02
   3.2758617      3.43684889E-02
   3.6206894      5.52227721E-02
   3.9655170      7.09015951E-02
   4.3103447      6.81850985E-02
   4.6551723      4.41164896E-02
   5.0000000      1.37497038E-02
  -5.0000000      1.49250580E-02
  -4.6551723      4.84203659E-02
  -4.3103447      7.66625479E-02
  -3.9655173      8.29288512E-02
  -3.6206896      6.74462914E-02
  -3.2758620      4.21421491E-02
  -2.9310346      2.09466703E-02
  -2.5862069      1.17324200E-02
  -2.2413793      1.63778532E-02
  -1.8965516      4.35658470E-02
  -1.5517240      9.37775820E-02
  -1.2068965      0.12282676    
 -0.86206913      9.44419354E-02
 -0.51724148      4.50655036E-02
 -0.17241383      1.91408321E-02
  0.17241383      1.91407744E-02
  0.51724148      4.50654328E-02
  0.86206913      9.44417864E-02
   1.2068968      0.12282670    
   1.5517244      9.37781334E-02
   1.8965521      4.35657538E-02
   2.2413793      1.63778495E-02
   2.5862069      1.17324153E-02
   2.9310346      2.09467690E-02
   3.2758617      4.21422012E-02
   3.6206894      6.74463511E-02
   3.9655170      8.29287842E-02
   4.3103447      7.66624808E-02
   4.6551723      4.84204069E-02
   5.0000000      1.49250664E-02
  -5.0000000      1.58136487E-02
  -4.6551723      5.19649163E-02
  -4.3103447      8.45127925E-02
  -3.9655173      9.51114446E-02
  -3.6206896      8.01511481E-02
  -3.2758620      4.99235168E-02
  -2.9310346      2.27776524E-02
  -2.5862069      1.08618420E-02
  -2.2413793      1.44752245E-02
  -1.8965516      3.92230861E-02
  -1.5517240      8.18973854E-02
  -1.2068965      0.10399231    
 -0.86206913      8.31587911E-02
 -0.51724148      4.83317822E-02
 -0.17241383      2.87735146E-02
  0.17241383      2.87734233E-02
  0.51724148      4.83315550E-02
  0.86206913      8.31589177E-02
   1.2068968      0.10399229    
   1.5517244      8.18978772E-02
   1.8965521      3.92230600E-02
   2.2413793      1.44751435E-02
   2.5862069      1.08618727E-02
   2.9310346      2.27777064E-02
   3.2758617      4.99236509E-02
   3.6206894      8.01512823E-02
   3.9655170      9.51111913E-02
   4.3103447      8.45127702E-02
   4.6551723      5.19649684E-02
   5.0000000      1.58136524E-02
  -5.0000000      1.63900070E-02
  -4.6551723      5.48028462E-02
  -4.3103447      9.19121355E-02
  -3.9655173      0.10729429    
  -3.6206896      9.25145373E-02
  -3.2758620      5.70046492E-02
  -2.9310346      2.48586647E-02
  -2.5862069      1.13941031E-02
  -2.2413793      1.46558443E-02
  -1.8965516      3.57773416E-02
  -1.5517240      6.69733211E-02
  -1.2068965      8.13536420E-02
 -0.86206913      7.09302723E-02
 -0.51724148      5.32704145E-02
 -0.17241383      4.26953621E-02
  0.17241383      4.26952466E-02
  0.51724148      5.32701127E-02
  0.86206913      7.09303841E-02
   1.2068968      8.13539475E-02
   1.5517244      6.69734329E-02
   1.8965521      3.57774720E-02
   2.2413793      1.46557344E-02
   2.5862069      1.13941226E-02
   2.9310346      2.48586945E-02
   3.2758617      5.70049062E-02
   3.6206894      9.25146267E-02
   3.9655170      0.10729411    
   4.3103447      9.19121355E-02
   4.6551723      5.48029020E-02
   5.0000000      1.63900219E-02
