 # Adrien Atallah
 # Project 5
 # Contains time vs. location for planet 1 and planet 2 plus the energy of the system
 # t, x1, y1, x2, y2, Energy
   0.0000000       0.0000000      3.85000000E+08  9.99999980E+10  1.40000002E+11  6.94528252E+26
   50000.000      -51001228.      3.81645472E+08  9.99488471E+10  1.40000002E+11  6.94528252E+26
   100000.00     -1.01114056E+08  3.71642304E+08  9.98976963E+10  1.40000002E+11  6.94523751E+26
   150000.00     -1.49467104E+08  3.55170464E+08  9.98465454E+10  1.40000002E+11  6.94516299E+26
   200000.00     -1.95222608E+08  3.32525600E+08  9.97953946E+10  1.40000002E+11  6.94505821E+26
   250000.00     -2.37592160E+08  3.04112736E+08  9.97442437E+10  1.40000002E+11  6.94498147E+26
   300000.00     -2.75851200E+08  2.70437856E+08  9.96930929E+10  1.40000002E+11  6.94489957E+26
   350000.00     -3.09351904E+08  2.32097360E+08  9.96419420E+10  1.40000002E+11  6.94480660E+26
   400000.00     -3.37534336E+08  1.89766080E+08  9.95907912E+10  1.40000002E+11  6.94473207E+26
   450000.00     -3.59935520E+08  1.44183856E+08  9.95396403E+10  1.40000002E+11  6.94463394E+26
   500000.00     -3.76196320E+08   96141272.      9.94884895E+10  1.40000002E+11  6.94453727E+26
   550000.00     -3.86066240E+08   46464788.      9.94373386E+10  1.40000002E+11  6.94452547E+26
   600000.00     -3.89406016E+08  -3998258.8      9.93861878E+10  1.40000002E+11  6.94445094E+26
   650000.00     -3.86188096E+08  -54394600.      9.93350369E+10  1.40000002E+11  6.94435428E+26
   700000.00     -3.76495136E+08 -1.03879560E+08  9.92838861E+10  1.40000002E+11  6.94435723E+26
   750000.00     -3.60516768E+08 -1.51630912E+08  9.92327352E+10  1.40000002E+11  6.94422811E+26
   800000.00     -3.38544672E+08 -1.96861952E+08  9.91815844E+10  1.40000002E+11  6.94413587E+26
   850000.00     -3.10966176E+08 -2.38833520E+08  9.91304335E+10  1.40000002E+11  6.94406799E+26
   900000.00     -2.78256704E+08 -2.76864896E+08  9.90792827E+10  1.40000002E+11  6.94396395E+26
   950000.00     -2.40971024E+08 -3.10343552E+08  9.90281318E+10  1.40000002E+11  6.94396469E+26
   1000000.0     -1.99733808E+08 -3.38733664E+08  9.89769810E+10  1.40000002E+11  6.94388352E+26
   1050000.0     -1.55229296E+08 -3.61583296E+08  9.89258301E+10  1.40000002E+11  6.94381195E+26
   1100000.0     -1.08190504E+08 -3.78530304E+08  9.88746793E+10  1.40000002E+11  6.94375735E+26
   1150000.0      -59387972.     -3.89307040E+08  9.88235284E+10  1.40000002E+11  6.94363929E+26
   1200000.0      -9618187.0     -3.93743712E+08  9.87723776E+10  1.40000002E+11  6.94360903E+26
   1250000.0       40308184.     -3.91770496E+08  9.87212268E+10  1.40000002E+11  6.94355665E+26
   1300000.0       89578192.     -3.83418464E+08  9.86700759E+10  1.40000002E+11  6.94342973E+26
   1350000.0      1.37388496E+08 -3.68819072E+08  9.86189251E+10  1.40000002E+11  6.94338694E+26
   1400000.0      1.82957168E+08 -3.48202688E+08  9.85677742E+10  1.40000002E+11  6.94331389E+26
   1450000.0      2.25535424E+08 -3.21895520E+08  9.85166234E+10  1.40000002E+11  6.94329175E+26
   1500000.0      2.64418912E+08 -2.90315616E+08  9.84654725E+10  1.40000002E+11  6.94321206E+26
   1550000.0      2.98958816E+08 -2.53967344E+08  9.84143217E+10  1.40000002E+11  6.94311540E+26
   1600000.0      3.28572256E+08 -2.13434624E+08  9.83631708E+10  1.40000002E+11  6.94305932E+26
   1650000.0      3.52752224E+08 -1.69373024E+08  9.83120200E+10  1.40000002E+11  6.94294643E+26
   1700000.0      3.71076512E+08 -1.22500464E+08  9.82608691E+10  1.40000002E+11  6.94288223E+26
   1750000.0      3.83215808E+08  -73586720.      9.82097183E+10  1.40000002E+11  6.94279590E+26
   1800000.0      3.88940576E+08  -23441862.      9.81585674E+10  1.40000002E+11  6.94271105E+26
   1850000.0      3.88126496E+08   27096470.      9.81074166E+10  1.40000002E+11  6.94265423E+26
   1900000.0      3.80758432E+08   77176608.      9.80562657E+10  1.40000002E+11  6.94259741E+26
   1950000.0      3.66932608E+08  1.25947176E+08  9.80051149E+10  1.40000002E+11  6.94253839E+26
   2000000.0      3.46856960E+08  1.72571872E+08  9.79539640E+10  1.40000002E+11  6.94242844E+26
   2050000.0      3.20849216E+08  2.16244544E+08  9.79028132E+10  1.40000002E+11  6.94240188E+26
   2100000.0      2.89333152E+08  2.56204080E+08  9.78516623E+10  1.40000002E+11  6.94231702E+26
   2150000.0      2.52832368E+08  2.91748992E+08  9.78005115E+10  1.40000002E+11  6.94225209E+26
   2200000.0      2.11962080E+08  3.22251168E+08  9.77493606E+10  1.40000002E+11  6.94220118E+26
   2250000.0      1.67418784E+08  3.47168512E+08  9.76982098E+10  1.40000002E+11  6.94210304E+26
   2300000.0      1.19967992E+08  3.66056032E+08  9.76470589E+10  1.40000002E+11  6.94193924E+26
   2350000.0       70430288.      3.78575136E+08  9.75959081E+10  1.40000002E+11  6.94189570E+26
   2400000.0       19666062.      3.84500768E+08  9.75447572E+10  1.40000002E+11  6.94179019E+26
   2450000.0      -31440820.      3.83726208E+08  9.74936064E+10  1.40000002E+11  6.94171197E+26
   2500000.0      -81999920.      3.76265440E+08  9.74424556E+10  1.40000002E+11  6.94167508E+26
   2550000.0     -1.31131288E+08  3.62252736E+08  9.73913047E+10  1.40000002E+11  6.94157251E+26
   2600000.0     -1.77982304E+08  3.41939872E+08  9.73401539E+10  1.40000002E+11  6.94148618E+26
   2650000.0     -2.21743760E+08  3.15690688E+08  9.72890030E+10  1.40000002E+11  6.94140207E+26
   2700000.0     -2.61664912E+08  2.83973504E+08  9.72378522E+10  1.40000002E+11  6.94126777E+26
   2750000.0     -2.97066976E+08  2.47351312E+08  9.71867013E+10  1.40000002E+11  6.94121981E+26
   2800000.0     -3.27355008E+08  2.06470304E+08  9.71355505E+10  1.40000002E+11  6.94111503E+26
   2850000.0     -3.52027808E+08  1.62046992E+08  9.70843996E+10  1.40000002E+11  6.94103461E+26
   2900000.0     -3.70685600E+08  1.14854176E+08  9.70332488E+10  1.40000002E+11  6.94099107E+26
   2950000.0     -3.83035680E+08   65706324.      9.69820979E+10  1.40000002E+11  6.94093942E+26
   3000000.0     -3.88895840E+08   15444551.      9.69309471E+10  1.40000002E+11  6.94089441E+26
   3050000.0     -3.88195616E+08  -35078388.      9.68797962E+10  1.40000002E+11  6.94081546E+26
   3100000.0     -3.80975584E+08  -85012800.      9.68286454E+10  1.40000002E+11  6.94072692E+26
   3150000.0     -3.67384768E+08 -1.33526224E+08  9.67774945E+10  1.40000002E+11  6.94059410E+26
   3200000.0     -3.47676288E+08 -1.79816784E+08  9.67263437E+10  1.40000002E+11  6.94049670E+26
   3250000.0     -3.22201536E+08 -2.23125664E+08  9.66751928E+10  1.40000002E+11  6.94043693E+26
   3300000.0     -2.91403040E+08 -2.62748448E+08  9.66240420E+10  1.40000002E+11  6.94037421E+26
   3350000.0     -2.55806192E+08 -2.98045312E+08  9.65728911E+10  1.40000002E+11  6.94024509E+26
   3400000.0     -2.16009968E+08 -3.28449984E+08  9.65217403E+10  1.40000002E+11  6.94018237E+26
   3450000.0     -1.72676976E+08 -3.53477472E+08  9.64705894E+10  1.40000002E+11  6.94009604E+26
   3500000.0     -1.26522816E+08 -3.72730528E+08  9.64194386E+10  1.40000002E+11  6.94002299E+26
   3550000.0      -78304984.     -3.85904672E+08  9.63682877E+10  1.40000002E+11  6.93998609E+26
   3600000.0      -28811398.     -3.92792192E+08  9.63171369E+10  1.40000002E+11  6.93992264E+26
   3650000.0       21151306.     -3.93284640E+08  9.62659860E+10  1.40000002E+11  6.93982155E+26
   3700000.0       70769624.     -3.87374304E+08  9.62148352E+10  1.40000002E+11  6.93974038E+26
   3750000.0      1.19235096E+08 -3.75154176E+08  9.61636844E+10  1.40000002E+11  6.93971382E+26
   3800000.0      1.65756160E+08 -3.56816896E+08  9.61125335E+10  1.40000002E+11  6.93960093E+26
   3850000.0      2.09569904E+08 -3.32652288E+08  9.60613827E+10  1.40000002E+11  6.93951755E+26
   3900000.0      2.49953552E+08 -3.03043648E+08  9.60102318E+10  1.40000002E+11  6.93950131E+26
   3950000.0      2.86235680E+08 -2.68462912E+08  9.59590810E+10  1.40000002E+11  6.93940760E+26
   4000000.0      3.17806816E+08 -2.29464336E+08  9.59079301E+10  1.40000002E+11  6.93934931E+26
   4050000.0      3.44129696E+08 -1.86676992E+08  9.58567793E+10  1.40000002E+11  6.93923568E+26
   4100000.0      3.64748480E+08 -1.40796032E+08  9.58056284E+10  1.40000002E+11  6.93920321E+26
   4150000.0      3.79297312E+08  -92572632.      9.57544776E+10  1.40000002E+11  6.93913902E+26
   4200000.0      3.87507552E+08  -42802832.      9.57033267E+10  1.40000002E+11  6.93908811E+26
   4250000.0      3.89213888E+08   7684739.5      9.56521759E+10  1.40000002E+11  6.93903350E+26
   4300000.0      3.84358880E+08   58042128.      9.56010250E+10  1.40000002E+11  6.93896783E+26
   4350000.0      3.72995840E+08  1.07416096E+08  9.55498742E+10  1.40000002E+11  6.93884977E+26
   4400000.0      3.55289856E+08  1.54962768E+08  9.54987233E+10  1.40000002E+11  6.93881288E+26
   4450000.0      3.31516832E+08  1.99862592E+08  9.54475725E+10  1.40000002E+11  6.93881509E+26
   4500000.0      3.02060384E+08  2.41335392E+08  9.53964216E+10  1.40000002E+11  6.93871105E+26
   4550000.0      2.67406656E+08  2.78655104E+08  9.53452708E+10  1.40000002E+11  6.93859004E+26
   4600000.0      2.28136784E+08  3.11163840E+08  9.52941199E+10  1.40000002E+11  6.93856791E+26
   4650000.0      1.84917408E+08  3.38285024E+08  9.52429691E+10  1.40000002E+11  6.93848822E+26
   4700000.0      1.38489088E+08  3.59535136E+08  9.51918182E+10  1.40000002E+11  6.93841148E+26
   4750000.0       89653016.      3.74533728E+08  9.51406674E+10  1.40000002E+11  6.93835171E+26
   4800000.0       39256184.      3.83011456E+08  9.50895165E+10  1.40000002E+11  6.93822332E+26
   4850000.0      -11824562.      3.84815712E+08  9.50383657E+10  1.40000002E+11  6.93817831E+26
   4900000.0      -62699264.      3.79913984E+08  9.49872148E+10  1.40000002E+11  6.93814216E+26
   4950000.0     -1.12481920E+08  3.68394560E+08  9.49360640E+10  1.40000002E+11  6.93806616E+26
   5000000.0     -1.60307440E+08  3.50464576E+08  9.48849132E+10  1.40000002E+11  6.93802557E+26
   5050000.0     -2.05348080E+08  3.26445600E+08  9.48337623E+10  1.40000002E+11  6.93793777E+26
   5100000.0     -2.46828912E+08  2.96766912E+08  9.47826115E+10  1.40000002E+11  6.93790161E+26
   5150000.0     -2.84042016E+08  2.61956384E+08  9.47314606E+10  1.40000002E+11  6.93780569E+26
   5200000.0     -3.16358944E+08  2.22629744E+08  9.46803098E+10  1.40000002E+11  6.93771346E+26
   5250000.0     -3.43241440E+08  1.79478096E+08  9.46291589E+10  1.40000002E+11  6.93765885E+26
   5300000.0     -3.64249952E+08  1.33254368E+08  9.45780081E+10  1.40000002E+11  6.93756588E+26
   5350000.0     -3.79050176E+08   84758800.      9.45268572E+10  1.40000002E+11  6.93748398E+26
   5400000.0     -3.87417152E+08   34824076.      9.44757064E+10  1.40000002E+11  6.93739322E+26
   5450000.0     -3.89237504E+08  -15699744.      9.44245555E+10  1.40000002E+11  6.93733567E+26
   5500000.0     -3.84509376E+08  -65960056.      9.43734047E+10  1.40000002E+11  6.93722277E+26
   5550000.0     -3.73340576E+08 -1.15116136E+08  9.43222538E+10  1.40000002E+11  6.93714456E+26
   5600000.0     -3.55944832E+08 -1.62352816E+08  9.42711030E+10  1.40000002E+11  6.93711430E+26
   5650000.0     -3.32636608E+08 -2.06893312E+08  9.42199521E+10  1.40000002E+11  6.93701986E+26
   5700000.0     -3.03824384E+08 -2.48011040E+08  9.41688013E+10  1.40000002E+11  6.93689663E+26
   5750000.0     -2.70002752E+08 -2.85040224E+08  9.41176504E+10  1.40000002E+11  6.93683318E+26
   5800000.0     -2.31743616E+08 -3.17385344E+08  9.40664996E+10  1.40000002E+11  6.93674980E+26
   5850000.0     -1.89686400E+08 -3.44529376E+08  9.40153487E+10  1.40000002E+11  6.93669962E+26
   5900000.0     -1.44527664E+08 -3.66040672E+08  9.39641979E+10  1.40000002E+11  6.93661034E+26
   5950000.0      -97010176.     -3.81578624E+08  9.39130470E+10  1.40000002E+11  6.93650556E+26
   6000000.0      -47911560.     -3.90897984E+08  9.38618962E+10  1.40000002E+11  6.93645908E+26
   6050000.0       1967316.9     -3.93851968E+08  9.38107453E+10  1.40000002E+11  6.93643251E+26
   6100000.0       51814160.     -3.90394112E+08  9.37595945E+10  1.40000002E+11  6.93637791E+26
   6150000.0      1.00817144E+08 -3.80578784E+08  9.37084436E+10  1.40000002E+11  6.93632257E+26
   6200000.0      1.48176800E+08 -3.64560640E+08  9.36572928E+10  1.40000002E+11  6.93618459E+26
   6250000.0      1.93117840E+08 -3.42592544E+08  9.36061420E+10  1.40000002E+11  6.93616688E+26
   6300000.0      2.34900720E+08 -3.15022464E+08  9.35549911E+10  1.40000002E+11  6.93609826E+26
   6350000.0      2.72832992E+08 -2.82288960E+08  9.35038403E+10  1.40000002E+11  6.93608645E+26
   6400000.0      3.06280160E+08 -2.44915536E+08  9.34526894E+10  1.40000002E+11  6.93604735E+26
   6450000.0      3.34676096E+08 -2.03503520E+08  9.34015386E+10  1.40000002E+11  6.93594183E+26
   6500000.0      3.57532640E+08 -1.58723824E+08  9.33503877E+10  1.40000002E+11  6.93589461E+26
   6550000.0      3.74448448E+08 -1.11307408E+08  9.32992369E+10  1.40000002E+11  6.93582451E+26
   6600000.0      3.85116768E+08  -62034508.      9.32480860E+10  1.40000002E+11  6.93576843E+26
   6650000.0      3.89332032E+08  -11722777.      9.31969352E+10  1.40000002E+11  6.93566218E+26
   6700000.0      3.86994944E+08   38785612.      9.31457843E+10  1.40000002E+11  6.93559503E+26
   6750000.0      3.78116096E+08   88637736.      9.30946335E+10  1.40000002E+11  6.93555961E+26
   6800000.0      3.62817664E+08  1.36984336E+08  9.30434826E+10  1.40000002E+11  6.93548435E+26
   6850000.0      3.41333280E+08  1.82994752E+08  9.29923318E+10  1.40000002E+11  6.93539064E+26
   6900000.0      3.14005760E+08  2.25871904E+08  9.29411809E+10  1.40000002E+11  6.93530210E+26
   6950000.0      2.81282656E+08  2.64867232E+08  9.28900301E+10  1.40000002E+11  6.93518773E+26
   7000000.0      2.43709680E+08  2.99295040E+08  9.28388792E+10  1.40000002E+11  6.93513681E+26
   7050000.0      2.01921936E+08  3.28546112E+08  9.27877284E+10  1.40000002E+11  6.93506376E+26
   7100000.0      1.56633104E+08  3.52099904E+08  9.27365775E+10  1.40000002E+11  6.93498776E+26
   7150000.0      1.08622800E+08  3.69535360E+08  9.26854267E+10  1.40000002E+11  6.93488668E+26
   7200000.0       58722292.      3.80539680E+08  9.26342758E+10  1.40000002E+11  6.93480182E+26
   7250000.0       7798938.0      3.84914912E+08  9.25831250E+10  1.40000002E+11  6.93472951E+26
   7300000.0      -43260312.      3.82582272E+08  9.25319741E+10  1.40000002E+11  6.93466384E+26
   7350000.0      -93565896.      3.73583744E+08  9.24808233E+10  1.40000002E+11  6.93457234E+26
   7400000.0     -1.42242688E+08  3.58081280E+08  9.24296724E+10  1.40000002E+11  6.93444543E+26
   7450000.0     -1.88446720E+08  3.36353248E+08  9.23785216E+10  1.40000002E+11  6.93435098E+26
   7500000.0     -2.31381024E+08  3.08788512E+08  9.23273708E+10  1.40000002E+11  6.93432663E+26
   7550000.0     -2.70310368E+08  2.75878336E+08  9.22762199E+10  1.40000002E+11  6.93421743E+26
   7600000.0     -3.04574464E+08  2.38206144E+08  9.22250691E+10  1.40000002E+11  6.93410822E+26
   7650000.0     -3.33599296E+08  1.96435696E+08  9.21739182E+10  1.40000002E+11  6.93402263E+26
   7700000.0     -3.56906560E+08  1.51297888E+08  9.21227674E+10  1.40000002E+11  6.93398500E+26
   7750000.0     -3.74120928E+08  1.03576576E+08  9.20716165E+10  1.40000002E+11  6.93396286E+26
   7800000.0     -3.84975104E+08   54093792.      9.20204657E+10  1.40000002E+11  6.93389498E+26
   7850000.0     -3.89312832E+08   3694735.3      9.19693148E+10  1.40000002E+11  6.93382709E+26
   7900000.0     -3.87089600E+08  -46767212.      9.19181640E+10  1.40000002E+11  6.93372453E+26
   7950000.0     -3.78371456E+08  -96445088.      9.18670131E+10  1.40000002E+11  6.93364927E+26
   8000000.0     -3.63332096E+08 -1.44512336E+08  9.18158623E+10  1.40000002E+11  6.93355408E+26
   8050000.0     -3.42248064E+08 -1.90175968E+08  9.17647114E+10  1.40000002E+11  6.93353195E+26
   8100000.0     -3.15492608E+08 -2.32688800E+08  9.17135606E+10  1.40000002E+11  6.93347587E+26
   8150000.0     -2.83528352E+08 -2.71360544E+08  9.16624097E+10  1.40000002E+11  6.93335043E+26
   8200000.0     -2.46898672E+08 -3.05567680E+08  9.16112589E+10  1.40000002E+11  6.93333420E+26
   8250000.0     -2.06218304E+08 -3.34762176E+08  9.15601080E+10  1.40000002E+11  6.93325894E+26
   8300000.0     -1.62163184E+08 -3.58478912E+08  9.15089572E+10  1.40000002E+11  6.93316080E+26
   8350000.0     -1.15459712E+08 -3.76341760E+08  9.14578063E+10  1.40000002E+11  6.93310841E+26
   8400000.0      -66873516.     -3.88068448E+08  9.14066555E+10  1.40000002E+11  6.93307521E+26
   8450000.0      -17197968.     -3.93474144E+08  9.13555046E+10  1.40000002E+11  6.93302060E+26
   8500000.0       32757598.     -3.92473824E+08  9.13043538E+10  1.40000002E+11  6.93295124E+26
   8550000.0       82179752.     -3.85083200E+08  9.12532029E+10  1.40000002E+11  6.93285016E+26
   8600000.0      1.30262864E+08 -3.71418624E+08  9.12020521E+10  1.40000002E+11  6.93278965E+26
   8650000.0      1.76220976E+08 -3.51695616E+08  9.11509012E+10  1.40000002E+11  6.93271955E+26
   8700000.0      2.19299456E+08 -3.26226176E+08  9.10997504E+10  1.40000002E+11  6.93267602E+26
   8750000.0      2.58786480E+08 -2.95414720E+08  9.10485996E+10  1.40000002E+11  6.93259780E+26
   8800000.0      2.94024064E+08 -2.59752992E+08  9.09974487E+10  1.40000002E+11  6.93256681E+26
   8850000.0      3.24418688E+08 -2.19813392E+08  9.09462979E+10  1.40000002E+11  6.93245392E+26
   8900000.0      3.49451168E+08 -1.76241232E+08  9.08951470E+10  1.40000002E+11  6.93243252E+26
   8950000.0      3.68685920E+08 -1.29745680E+08  9.08439962E+10  1.40000002E+11  6.93238087E+26
   9000000.0      3.81779072E+08  -81089440.      9.07928453E+10  1.40000002E+11  6.93231815E+26
   9050000.0      3.88485600E+08  -31077308.      9.07416945E+10  1.40000002E+11  6.93223846E+26
   9100000.0      3.88664928E+08   19456344.      9.06905436E+10  1.40000002E+11  6.93219271E+26
   9150000.0      3.82285216E+08   69661016.      9.06393928E+10  1.40000002E+11  6.93213073E+26
   9200000.0      3.69425792E+08  1.18684304E+08  9.05882419E+10  1.40000002E+11  6.93205178E+26
   9250000.0      3.50277728E+08  1.65686608E+08  9.05370911E+10  1.40000002E+11  6.93197135E+26
   9300000.0      3.25142432E+08  2.09856208E+08  9.04859402E+10  1.40000002E+11  6.93185034E+26
   9350000.0      2.94427936E+08  2.50424192E+08  9.04347894E+10  1.40000002E+11  6.93185477E+26
   9400000.0      2.58643264E+08  2.86679104E+08  9.03836385E+10  1.40000002E+11  6.93179795E+26
   9450000.0      2.18390432E+08  3.17980864E+08  9.03324877E+10  1.40000002E+11  6.93173819E+26
   9500000.0      1.74354432E+08  3.43773600E+08  9.02813368E+10  1.40000002E+11  6.93164521E+26
   9550000.0      1.27291232E+08  3.63596928E+08  9.02301860E+10  1.40000002E+11  6.93158987E+26
   9600000.0       78014096.      3.77095648E+08  9.01790351E+10  1.40000002E+11  6.93149100E+26
   9650000.0       27378472.      3.84027168E+08  9.01278843E+10  1.40000002E+11  6.93136040E+26
   9700000.0      -23734194.      3.84266688E+08  9.00767334E+10  1.40000002E+11  6.93130727E+26
   9750000.0      -74433304.      3.77809888E+08  9.00255826E+10  1.40000002E+11  6.93123053E+26
   9800000.0     -1.23836184E+08  3.64773024E+08  8.99744317E+10  1.40000002E+11  6.93109403E+26
   9850000.0     -1.71084960E+08  3.45390400E+08  8.99232809E+10  1.40000002E+11  6.93107632E+26
   9900000.0     -2.15362848E+08  3.20009408E+08  8.98721300E+10  1.40000002E+11  6.93095900E+26
   9950000.0     -2.55909280E+08  2.89083168E+08  8.98209792E+10  1.40000002E+11  6.93089997E+26
   10000000.     -2.92033792E+08  2.53161120E+08  8.97698284E+10  1.40000002E+11  6.93079002E+26
   10050000.     -3.23128064E+08  2.12877760E+08  8.97186775E+10  1.40000002E+11  6.93070812E+26
   10100000.     -3.48676128E+08  1.68939904E+08  8.96675267E+10  1.40000002E+11  6.93063507E+26
   10150000.     -3.68262464E+08  1.22112848E+08  8.96163758E+10  1.40000002E+11  6.93056940E+26
   10200000.     -3.81577952E+08   73205792.      8.95652250E+10  1.40000002E+11  6.93044322E+26
   10250000.     -3.88423552E+08   23056852.      8.95140741E+10  1.40000002E+11  6.93039452E+26
   10300000.     -3.88711968E+08  -27481952.      8.94629233E+10  1.40000002E+11  6.93027278E+26
   10350000.     -3.82467168E+08  -77559480.      8.94117724E+10  1.40000002E+11  6.93020268E+26
   10400000.     -3.69822080E+08 -1.26339728E+08  8.93606216E+10  1.40000002E+11  6.93008757E+26
   10450000.     -3.51014496E+08 -1.73015344E+08  8.93094707E+10  1.40000002E+11  6.93002190E+26
   10500000.     -3.26381440E+08 -2.16820192E+08  8.92583199E+10  1.40000002E+11  6.93000641E+26
   10550000.     -2.96352256E+08 -2.57040928E+08  8.92071690E+10  1.40000002E+11  6.92994442E+26
   10600000.     -2.61440480E+08 -2.93027328E+08  8.91560182E+10  1.40000002E+11  6.92981161E+26
   10650000.     -2.22234688E+08 -3.24201536E+08  8.91048673E+10  1.40000002E+11  6.92971200E+26
   10700000.     -1.79388640E+08 -3.50065824E+08  8.90537165E+10  1.40000002E+11  6.92961238E+26
   10750000.     -1.33610720E+08 -3.70209344E+08  8.90025656E+10  1.40000002E+11  6.92959394E+26
   10800000.      -85652904.     -3.84313376E+08  8.89514148E+10  1.40000002E+11  6.92949654E+26
   10850000.      -36299336.     -3.92155424E+08  8.89002639E+10  1.40000002E+11  6.92939102E+26
   10900000.       13645343.     -3.93612032E+08  8.88491131E+10  1.40000002E+11  6.92933568E+26
   10950000.       63367840.     -3.88660320E+08  8.87979622E+10  1.40000002E+11  6.92924419E+26
   11000000.      1.12058120E+08 -3.77378176E+08  8.87468114E+10  1.40000002E+11  6.92919401E+26
   11050000.      1.58921264E+08 -3.59943392E+08  8.86956605E+10  1.40000002E+11  6.92920360E+26
   11100000.      2.03189264E+08 -3.36631456E+08  8.86445097E+10  1.40000002E+11  6.92906562E+26
   11150000.      2.44132560E+08 -3.07811936E+08  8.85933588E+10  1.40000002E+11  6.92903168E+26
   11200000.      2.81071264E+08 -2.73943872E+08  8.85422080E+10  1.40000002E+11  6.92890108E+26
   11250000.      3.13385920E+08 -2.35569632E+08  8.84910572E+10  1.40000002E+11  6.92887673E+26
   11300000.      3.40527744E+08 -1.93307648E+08  8.84399063E+10  1.40000002E+11  6.92881622E+26
   11350000.      3.62028128E+08 -1.47843792E+08  8.83887555E+10  1.40000002E+11  6.92872841E+26
   11400000.      3.77507200E+08  -99921584.      8.83376046E+10  1.40000002E+11  6.92857199E+26
   11450000.      3.86681280E+08  -50331148.      8.82864538E+10  1.40000002E+11  6.92854247E+26
   11500000.      3.89369216E+08   102902.17      8.82353029E+10  1.40000002E+11  6.92847975E+26
   11550000.      3.85497184E+08   50534584.      8.81841521E+10  1.40000002E+11  6.92837202E+26
   11600000.      3.75101792E+08  1.00110488E+08  8.81330012E+10  1.40000002E+11  6.92832554E+26
   11650000.      3.58331392E+08  1.47984320E+08  8.80818504E+10  1.40000002E+11  6.92822961E+26
   11700000.      3.35445440E+08  1.93331888E+08  8.80306995E+10  1.40000002E+11  6.92815509E+26
   11750000.      3.06811712E+08  2.35366128E+08  8.79795487E+10  1.40000002E+11  6.92813295E+26
   11800000.      2.72901440E+08  2.73351872E+08  8.79283978E+10  1.40000002E+11  6.92802006E+26
   11850000.      2.34282128E+08  3.06620160E+08  8.78772470E+10  1.40000002E+11  6.92797210E+26
   11900000.      1.91608320E+08  3.34581408E+08  8.78260961E+10  1.40000002E+11  6.92791528E+26
   11950000.      1.45610368E+08  3.56737440E+08  8.77749453E+10  1.40000002E+11  6.92782010E+26
   12000000.       97081344.      3.72691808E+08  8.77237944E+10  1.40000002E+11  6.92774483E+26
   12050000.       46862424.      3.82158048E+08  8.76726436E+10  1.40000002E+11  6.92770204E+26
   12100000.      -4172907.5      3.84965824E+08  8.76214927E+10  1.40000002E+11  6.92764006E+26
   12150000.      -55135520.      3.81064544E+08  8.75703419E+10  1.40000002E+11  6.92757144E+26
   12200000.     -1.05137672E+08  3.70524480E+08  8.75191910E+10  1.40000002E+11  6.92747920E+26
   12250000.     -1.53310016E+08  3.53535200E+08  8.74680402E+10  1.40000002E+11  6.92740468E+26
   12300000.     -1.98818160E+08  3.30401568E+08  8.74168893E+10  1.40000002E+11  6.92739139E+26
   12350000.     -2.40878304E+08  3.01537280E+08  8.73657385E+10  1.40000002E+11  6.92725415E+26
   12400000.     -2.78771584E+08  2.67456192E+08  8.73145876E+10  1.40000002E+11  6.92716413E+26
   12450000.     -3.11856928E+08  2.28761664E+08  8.72634368E+10  1.40000002E+11  6.92708370E+26
   12500000.     -3.39581952E+08  1.86134448E+08  8.72122860E+10  1.40000002E+11  6.92700254E+26
   12550000.     -3.61491872E+08  1.40319152E+08  8.71611351E+10  1.40000002E+11  6.92693982E+26
   12600000.     -3.77236256E+08   92109976.      8.71099843E+10  1.40000002E+11  6.92689702E+26
   12650000.     -3.86573664E+08   42335768.      8.70588334E+10  1.40000002E+11  6.92677527E+26
   12700000.     -3.89373984E+08  -8154983.0      8.70076826E+10  1.40000002E+11  6.92671182E+26
   12750000.     -3.85618784E+08  -58509064.      8.69565317E+10  1.40000002E+11  6.92662696E+26
   12800000.     -3.75399680E+08 -1.07883016E+08  8.69053809E+10  1.40000002E+11  6.92659376E+26
   12850000.     -3.58914944E+08 -1.55456944E+08  8.68542300E+10  1.40000002E+11  6.92646980E+26
   12900000.     -3.36464416E+08 -2.00447520E+08  8.68030792E+10  1.40000002E+11  6.92638937E+26
   12950000.     -3.08443040E+08 -2.42119904E+08  8.67519283E+10  1.40000002E+11  6.92630599E+26
   13000000.     -2.75333184E+08 -2.79798560E+08  8.67007775E+10  1.40000002E+11  6.92623515E+26
   13050000.     -2.37695856E+08 -3.12876896E+08  8.66496266E+10  1.40000002E+11  6.92617465E+26
   13100000.     -1.96161104E+08 -3.40825696E+08  8.65984758E+10  1.40000002E+11  6.92615473E+26
   13150000.     -1.51417728E+08 -3.63200160E+08  8.65473249E+10  1.40000002E+11  6.92600641E+26
   13200000.     -1.04202368E+08 -3.79645792E+08  8.64961741E+10  1.40000002E+11  6.92597247E+26
   13250000.      -55288268.     -3.89902880E+08  8.64450232E+10  1.40000002E+11  6.92585220E+26
   13300000.      -5473636.5     -3.93809856E+08  8.63938724E+10  1.40000002E+11  6.92576292E+26
   13350000.       44430116.     -3.91305216E+08  8.63427215E+10  1.40000002E+11  6.92577620E+26
   13400000.       93610280.     -3.82428384E+08  8.62915707E+10  1.40000002E+11  6.92571422E+26
   13450000.      1.41264736E+08 -3.67319168E+08  8.62404198E+10  1.40000002E+11  6.92563822E+26
   13500000.      1.86613808E+08 -3.46216032E+08  8.61892690E+10  1.40000002E+11  6.92554303E+26
   13550000.      2.28911840E+08 -3.19453056E+08  8.61381100E+10  1.40000002E+11  6.92547662E+26
   13600000.      2.67458640E+08 -2.87455744E+08  8.60869509E+10  1.40000002E+11  6.92541169E+26
   13650000.      3.01610400E+08 -2.50735392E+08  8.60357919E+10  1.40000002E+11  6.92537849E+26
   13700000.      3.30790144E+08 -2.09882320E+08  8.59846328E+10  1.40000002E+11  6.92528330E+26
   13750000.      3.54497536E+08 -1.65557712E+08  8.59334738E+10  1.40000002E+11  6.92519033E+26
   13800000.      3.72317792E+08 -1.18484304E+08  8.58823148E+10  1.39999986E+11  6.92509514E+26
   13850000.      3.83929632E+08  -69435784.      8.58311557E+10  1.39999969E+11  6.92508408E+26
   13900000.      3.89112096E+08  -19225104.      8.57799967E+10  1.39999953E+11  6.92504571E+26
   13950000.      3.87749824E+08   31308304.      8.57288376E+10  1.39999937E+11  6.92498594E+26
   14000000.      3.79836928E+08   81312160.      8.56776786E+10  1.39999920E+11  6.92493576E+26
   14050000.      3.65479040E+08  1.29935680E+08  8.56265196E+10  1.39999904E+11  6.92490477E+26
   14100000.      3.44893344E+08  1.76344432E+08  8.55753605E+10  1.39999887E+11  6.92485386E+26
   14150000.      3.18406688E+08  2.19735376E+08  8.55242015E+10  1.39999871E+11  6.92480442E+26
   14200000.      2.86451456E+08  2.59351760E+08  8.54730424E+10  1.39999855E+11  6.92475499E+26
   14250000.      2.49559360E+08  2.94497664E+08  8.54218834E+10  1.39999838E+11  6.92468415E+26
   14300000.      2.08352912E+08  3.24551680E+08  8.53707244E+10  1.39999822E+11  6.92458601E+26
   14350000.      1.63534944E+08  3.48979360E+08  8.53195653E+10  1.39999805E+11  6.92450116E+26
   14400000.      1.15876224E+08  3.67344256E+08  8.52684063E+10  1.39999789E+11  6.92447681E+26
   14450000.       66201356.      3.79316992E+08  8.52172472E+10  1.39999773E+11  6.92443180E+26
   14500000.       15373432.      3.84682304E+08  8.51660882E+10  1.39999756E+11  6.92434694E+26
   14550000.      -35722384.      3.83343552E+08  8.51149292E+10  1.39999740E+11  6.92425323E+26
   14600000.      -86195776.      3.75324832E+08  8.50637701E+10  1.39999724E+11  6.92417871E+26
   14650000.     -1.35168368E+08  3.60770496E+08  8.50126111E+10  1.39999707E+11  6.92405327E+26
   14700000.     -1.81790480E+08  3.39941984E+08  8.49614520E+10  1.39999691E+11  6.92398317E+26
   14750000.     -2.25257168E+08  3.13212288E+08  8.49102930E+10  1.39999674E+11  6.92392857E+26
   14800000.     -2.64823152E+08  2.81058144E+08  8.48591340E+10  1.39999658E+11  6.92386438E+26
   14850000.     -2.99816224E+08  2.44050080E+08  8.48079749E+10  1.39999642E+11  6.92379502E+26
   14900000.     -3.29648928E+08  2.02840832E+08  8.47568159E+10  1.39999625E+11  6.92371902E+26
   14950000.     -3.53828224E+08  1.58152272E+08  8.47056568E+10  1.39999609E+11  6.92368655E+26
   15000000.     -3.71963168E+08  1.10761392E+08  8.46544978E+10  1.39999592E+11  6.92358104E+26
   15050000.     -3.83770240E+08   61485600.      8.46033388E+10  1.39999576E+11  6.92350208E+26
   15100000.     -3.89076640E+08   11167677.      8.45521797E+10  1.39999560E+11  6.92338698E+26
   15150000.     -3.87821344E+08  -39339212.      8.45010207E+10  1.39999543E+11  6.92331762E+26
   15200000.     -3.80054272E+08  -89186192.      8.44498616E+10  1.39999527E+11  6.92320620E+26
   15250000.     -3.65933408E+08 -1.37542768E+08  8.43987026E+10  1.39999511E+11  6.92311987E+26
   15300000.     -3.45720512E+08 -1.83610160E+08  8.43475436E+10  1.39999494E+11  6.92307855E+26
   15350000.     -3.19775040E+08 -2.26633616E+08  8.42963845E+10  1.39999478E+11  6.92304165E+26
   15400000.     -2.88546912E+08 -2.65913728E+08  8.42452255E+10  1.39999461E+11  6.92298262E+26
   15450000.     -2.52568240E+08 -3.00816512E+08  8.41940664E+10  1.39999445E+11  6.92289408E+26
   15500000.     -2.12443888E+08 -3.30782272E+08  8.41429074E+10  1.39999429E+11  6.92285423E+26
   15550000.     -1.68841472E+08 -3.55333152E+08  8.40917484E+10  1.39999412E+11  6.92282103E+26
   15600000.     -1.22480704E+08 -3.74079584E+08  8.40405893E+10  1.39999396E+11  6.92275315E+26
   15650000.      -74122208.     -3.86725152E+08  8.39894303E+10  1.39999379E+11  6.92270223E+26
   15700000.      -24556058.     -3.93070496E+08  8.39382712E+10  1.39999363E+11  6.92264394E+26
   15750000.       25409956.     -3.93015744E+08  8.38871122E+10  1.39999347E+11  6.92261074E+26
   15800000.       74962192.     -3.86561760E+08  8.38359532E+10  1.39999330E+11  6.92256499E+26
   15850000.      1.23293080E+08 -3.73810144E+08  8.37847941E+10  1.39999314E+11  6.92250670E+26
   15900000.      1.69612944E+08 -3.54961952E+08  8.37336351E+10  1.39999298E+11  6.92244324E+26
   15950000.      2.13161776E+08 -3.30315232E+08  8.36824760E+10  1.39999281E+11  6.92231411E+26
   16000000.      2.53220688E+08 -3.00261120E+08  8.36313170E+10  1.39999265E+11  6.92231264E+26
   16050000.      2.89123040E+08 -2.65278912E+08  8.35801580E+10  1.39999248E+11  6.92223442E+26
   16100000.      3.20265152E+08 -2.25929648E+08  8.35289989E+10  1.39999232E+11  6.92215400E+26
   16150000.      3.46116288E+08 -1.82848496E+08  8.34778399E+10  1.39999216E+11  6.92211489E+26
   16200000.      3.66227968E+08 -1.36735904E+08  8.34266808E+10  1.39999199E+11  6.92204110E+26
   16250000.      3.80242368E+08  -88347424.      8.33755218E+10  1.39999183E+11  6.92191345E+26
   16300000.      3.87899488E+08  -38482488.      8.33243628E+10  1.39999166E+11  6.92187434E+26
   16350000.      3.89043104E+08   12028006.      8.32732037E+10  1.39999150E+11  6.92181015E+26
   16400000.      3.83625184E+08   62335004.      8.32220447E+10  1.39999134E+11  6.92175112E+26
   16450000.      3.71708672E+08  1.11585408E+08  8.31708856E+10  1.39999117E+11  6.92166405E+26
   16500000.      3.53468256E+08  1.58936752E+08  8.31197266E+10  1.39999101E+11  6.92160797E+26
   16550000.      3.29189280E+08  2.03572224E+08  8.30685676E+10  1.39999085E+11  6.92159469E+26
   16600000.      2.99264480E+08  2.44715648E+08  8.30174085E+10  1.39999068E+11  6.92160650E+26
   16650000.      2.64188528E+08  2.81646208E+08  8.29662495E+10  1.39999052E+11  6.92155042E+26
   16700000.      2.24550400E+08  3.13712448E+08  8.29150904E+10  1.39999035E+11  6.92149655E+26
   16750000.      1.81023648E+08  3.40345344E+08  8.28639314E+10  1.39999019E+11  6.92143457E+26
   16800000.      1.34354672E+08  3.61069824E+08  8.28127724E+10  1.39999003E+11  6.92141613E+26
   16850000.       85349304.      3.75514720E+08  8.27616133E+10  1.39998986E+11  6.92132684E+26
   16900000.       34857844.      3.83420480E+08  8.27104543E+10  1.39998970E+11  6.92119919E+26
   16950000.      -16240980.      3.84644832E+08  8.26592952E+10  1.39998953E+11  6.92111360E+26
   17000000.      -67056784.      3.79165664E+08  8.26081362E+10  1.39998937E+11  6.92107154E+26
   17050000.     -1.16704616E+08  3.67081664E+08  8.25569772E+10  1.39998921E+11  6.92103317E+26
   17100000.     -1.64321872E+08  3.48610080E+08  8.25058181E+10  1.39998904E+11  6.92093430E+26
   17150000.     -2.09084704E+08  3.24082144E+08  8.24546591E+10  1.39998888E+11  6.92089224E+26
   17200000.     -2.50223360E+08  2.93936064E+08  8.24035000E+10  1.39998872E+11  6.92084870E+26
   17250000.     -2.87036224E+08  2.58707856E+08  8.23523410E+10  1.39998855E+11  6.92075057E+26
   17300000.     -3.18902240E+08  2.19020352E+08  8.23011820E+10  1.39998839E+11  6.92068121E+26
   17350000.     -3.45291296E+08  1.75570672E+08  8.22500229E+10  1.39998822E+11  6.92060594E+26
   17400000.     -3.65772704E+08  1.29116488E+08  8.21988639E+10  1.39998806E+11  6.92050928E+26
   17450000.     -3.80021472E+08   80461552.      8.21477048E+10  1.39998790E+11  6.92042517E+26
   17500000.     -3.87822240E+08   30440762.      8.20965458E+10  1.39998773E+11  6.92036023E+26
   17550000.     -3.89071360E+08  -20094908.      8.20453868E+10  1.39998757E+11  6.92026652E+26
   17600000.     -3.83776608E+08  -70293224.      8.19942277E+10  1.39998740E+11  6.92022668E+26
   17650000.     -3.72055168E+08 -1.19315040E+08  8.19430687E+10  1.39998724E+11  6.92019790E+26
   17700000.     -3.54129824E+08 -1.66347936E+08  8.18919096E+10  1.39998708E+11  6.92011305E+26
   17750000.     -3.30323552E+08 -2.10618944E+08  8.18407506E+10  1.39998691E+11  6.92009755E+26
   17800000.     -3.01052704E+08 -2.51406272E+08  8.17895916E+10  1.39998675E+11  6.92003041E+26
   17850000.     -2.66819072E+08 -2.88049824E+08  8.17384325E+10  1.39998659E+11  6.91994703E+26
   17900000.     -2.28200912E+08 -3.19960576E+08  8.16872735E+10  1.39998642E+11  6.91992342E+26
   17950000.     -1.85843152E+08 -3.46628640E+08  8.16361144E+10  1.39998626E+11  6.91987840E+26
   18000000.     -1.40446944E+08 -3.67630080E+08  8.15849554E+10  1.39998609E+11  6.91980167E+26
   18050000.      -92758640.     -3.82632384E+08  8.15337964E+10  1.39998593E+11  6.91972936E+26
   18100000.      -43558484.     -3.91398816E+08  8.14826373E+10  1.39998577E+11  6.91966959E+26
   18150000.       6351082.0     -3.93791328E+08  8.14314783E+10  1.39998560E+11  6.91958326E+26
   18200000.       56157232.     -3.89772288E+08  8.13803192E+10  1.39998544E+11  6.91947184E+26
   18250000.      1.05048648E+08 -3.79404960E+08  8.13291602E+10  1.39998527E+11  6.91942093E+26
   18300000.      1.52227424E+08 -3.62852672E+08  8.12780012E+10  1.39998511E+11  6.91938403E+26
   18350000.      1.96920848E+08 -3.40376832E+08  8.12268421E+10  1.39998495E+11  6.91936632E+26
   18400000.      2.38392992E+08 -3.12333632E+08  8.11756831E+10  1.39998478E+11  6.91930434E+26
   18450000.      2.75956000E+08 -2.79169408E+08  8.11245240E+10  1.39998462E+11  6.91927040E+26
   18500000.      3.08980896E+08 -2.41414864E+08  8.10733650E+10  1.39998446E+11  6.91924236E+26
   18550000.      3.36908000E+08 -1.99677888E+08  8.10222060E+10  1.39998429E+11  6.91918997E+26
   18600000.      3.59256416E+08 -1.54635168E+08  8.09710469E+10  1.39998413E+11  6.91909184E+26
   18650000.      3.75632800E+08 -1.07022512E+08  8.09198879E+10  1.39998396E+11  6.91903428E+26
   18700000.      3.85739040E+08  -57624040.      8.08687288E+10  1.39998380E+11  6.91895312E+26
   18750000.      3.89378752E+08  -7260183.0      8.08175698E+10  1.39998364E+11  6.91886383E+26
   18800000.      3.86462208E+08   43225288.      8.07664108E+10  1.39998347E+11  6.91883579E+26
   18850000.      3.77009792E+08   92979088.      8.07152517E+10  1.39998331E+11  6.91875242E+26
   18900000.      3.61153632E+08  1.41152944E+08  8.06640927E+10  1.39998314E+11  6.91866904E+26
   18950000.      3.39137120E+08  1.86918448E+08  8.06129336E+10  1.39998298E+11  6.91866092E+26
   19000000.      3.11312576E+08  2.29482144E+08  8.05617746E+10  1.39998282E+11  6.91857754E+26
   19050000.      2.78136576E+08  2.68100400E+08  8.05106156E+10  1.39998265E+11  6.91850671E+26
   19100000.      2.40163184E+08  3.02093696E+08  8.04594565E+10  1.39998249E+11  6.91841152E+26
   19150000.      1.98034976E+08  3.30860128E+08  8.04082975E+10  1.39998233E+11  6.91836651E+26
   19200000.      1.52472096E+08  3.53887520E+08  8.03571384E+10  1.39998216E+11  6.91825066E+26
   19250000.      1.04259392E+08  3.70764000E+08  8.03059794E+10  1.39998200E+11  6.91823000E+26
   19300000.       54232068.      3.81186688E+08  8.02548204E+10  1.39998183E+11  6.91813261E+26
   19350000.       3259970.5      3.84968064E+08  8.02036613E+10  1.39998167E+11  6.91806251E+26
   19400000.      -47768932.      3.82040032E+08  8.01525023E+10  1.39998151E+11  6.91793855E+26
   19450000.      -97965584.      3.72455296E+08  8.01013432E+10  1.39998134E+11  6.91789649E+26
   19500000.     -1.46456880E+08  3.56386304E+08  8.00501842E+10  1.39998118E+11  6.91784631E+26
   19550000.     -1.92402288E+08  3.34121536E+08  7.99990252E+10  1.39998102E+11  6.91783820E+26
   19600000.     -2.35009680E+08  3.06059392E+08  7.99478661E+10  1.39998085E+11  6.91776293E+26
   19650000.     -2.73549888E+08  2.72699808E+08  7.98967071E+10  1.39998069E+11  6.91768324E+26
   19700000.     -3.07369792E+08  2.34633920E+08  7.98455480E+10  1.39998052E+11  6.91765520E+26
   19750000.     -3.35903456E+08  1.92532080E+08  7.97943890E+10  1.39998036E+11  6.91757994E+26
   19800000.     -3.58681440E+08  1.47130576E+08  7.97432300E+10  1.39998020E+11  6.91747295E+26
   19850000.     -3.75337856E+08   99217376.      7.96920709E+10  1.39998003E+11  6.91734677E+26
   19900000.     -3.85615168E+08   49617280.      7.96409119E+10  1.39997987E+11  6.91729586E+26
   19950000.     -3.89367040E+08  -823079.50      7.95897528E+10  1.39997970E+11  6.91724347E+26
   20000000.     -3.86558912E+08  -51250196.      7.95385938E+10  1.39997954E+11  6.91710992E+26
   20050000.     -3.77266656E+08 -1.00818264E+08  7.94874348E+10  1.39997938E+11  6.91703539E+26
   20100000.     -3.61673344E+08 -1.48703088E+08  7.94362757E+10  1.39997921E+11  6.91697931E+26
   20150000.     -3.40064480E+08 -1.94115216E+08  7.93851167E+10  1.39997905E+11  6.91692914E+26
   20200000.     -3.12821696E+08 -2.36312016E+08  7.93339576E+10  1.39997889E+11  6.91690405E+26
   20250000.     -2.80415264E+08 -2.74608704E+08  7.92827986E+10  1.39997872E+11  6.91682067E+26
   20300000.     -2.43395424E+08 -3.08388096E+08  7.92316396E+10  1.39997856E+11  6.91676755E+26
   20350000.     -2.02382912E+08 -3.37109280E+08  7.91804805E+10  1.39997839E+11  6.91671221E+26
   20400000.     -1.58058720E+08 -3.60314784E+08  7.91293215E+10  1.39997823E+11  6.91662883E+26
   20450000.     -1.11153336E+08 -3.77636736E+08  7.90781624E+10  1.39997807E+11  6.91657718E+26
   20500000.      -62435456.     -3.88801440E+08  7.90270034E+10  1.39997790E+11  6.91654102E+26
   20550000.      -12700473.     -3.93632960E+08  7.89758444E+10  1.39997774E+11  6.91653807E+26
   20600000.       37241316.     -3.92055264E+08  7.89246853E+10  1.39997757E+11  6.91646133E+26
   20650000.       86576600.     -3.84093184E+08  7.88735263E+10  1.39997741E+11  6.91641263E+26
   20700000.      1.34500944E+08 -3.69872128E+08  7.88223672E+10  1.39997725E+11  6.91633442E+26
   20750000.      1.80230624E+08 -3.49616448E+08  7.87712082E+10  1.39997708E+11  6.91632113E+26
   20800000.      2.23014336E+08 -3.23646688E+08  7.87200492E+10  1.39997692E+11  6.91628793E+26
   20850000.      2.62144576E+08 -2.92375488E+08  7.86688901E+10  1.39997676E+11  6.91623407E+26
   20900000.      2.96968704E+08 -2.56302176E+08  7.86177311E+10  1.39997659E+11  6.91621414E+26
   20950000.      3.26899424E+08 -2.16006176E+08  7.85665720E+10  1.39997643E+11  6.91613888E+26
   21000000.      3.51424736E+08 -1.72139040E+08  7.85154130E+10  1.39997626E+11  6.91613519E+26
   21050000.      3.70116960E+08 -1.25415288E+08  7.84642540E+10  1.39997610E+11  6.91606731E+26
   21100000.      3.82640864E+08  -76602008.      7.84130949E+10  1.39997594E+11  6.91601344E+26
   21150000.      3.88760640E+08  -26507296.      7.83619359E+10  1.39997577E+11  6.91591531E+26
   21200000.      3.88345440E+08   24032368.      7.83107768E+10  1.39997561E+11  6.91588358E+26
   21250000.      3.81373408E+08   74165632.      7.82596178E+10  1.39997544E+11  6.91583414E+26
   21300000.      3.67934048E+08  1.23040552E+08  7.82084588E+10  1.39997528E+11  6.91574191E+26
   21350000.      3.48228512E+08  1.69819376E+08  7.81572997E+10  1.39997512E+11  6.91572272E+26
   21400000.      3.22568096E+08  2.13693536E+08  7.81061407E+10  1.39997495E+11  6.91561426E+26
   21450000.      2.91370336E+08  2.53898704E+08  7.80549816E+10  1.39997479E+11  6.91557736E+26
   21500000.      2.55153120E+08  2.89729280E+08  7.80038226E+10  1.39997463E+11  6.91553604E+26
   21550000.      2.14526496E+08  3.20552256E+08  7.79526636E+10  1.39997446E+11  6.91553235E+26
   21600000.      1.70182480E+08  3.45819936E+08  7.79015045E+10  1.39997430E+11  6.91549915E+26
   21650000.      1.22882912E+08  3.65081088E+08  7.78503455E+10  1.39997413E+11  6.91543717E+26
   21700000.       73445624.      3.77990464E+08  7.77991864E+10  1.39997397E+11  6.91536928E+26
   21750000.       22729188.      3.84315968E+08  7.77480274E+10  1.39997381E+11  6.91529697E+26
   21800000.      -28383326.      3.83943712E+08  7.76968684E+10  1.39997364E+11  6.91523499E+26
   21850000.      -79001240.      3.76880352E+08  7.76457093E+10  1.39997348E+11  6.91518334E+26
   21900000.     -1.28243368E+08  3.63253056E+08  7.75945503E+10  1.39997331E+11  6.91507782E+26
   21950000.     -1.75254832E+08  3.43306720E+08  7.75433912E+10  1.39997315E+11  6.91495608E+26
   22000000.     -2.19223264E+08  3.17398752E+08  7.74922322E+10  1.39997299E+11  6.91490959E+26
   22050000.     -2.59393888E+08  2.85991520E+08  7.74410732E+10  1.39997282E+11  6.91481145E+26
   22100000.     -2.95083168E+08  2.49642784E+08  7.73899141E+10  1.39997266E+11  6.91476866E+26
   22150000.     -3.25690752E+08  2.08994256E+08  7.73387551E+10  1.39997250E+11  6.91471479E+26
   22200000.     -3.50709504E+08  1.64758752E+08  7.72875960E+10  1.39997233E+11  6.91465429E+26
   22250000.     -3.69733376E+08  1.17706280E+08  7.72364370E+10  1.39997217E+11  6.91460337E+26
   22300000.     -3.82463136E+08   68649416.      7.71852780E+10  1.39997200E+11  6.91450893E+26
   22350000.     -3.88709920E+08   18428270.      7.71341189E+10  1.39997184E+11  6.91443957E+26
   22400000.     -3.88396640E+08  -32104506.      7.70829599E+10  1.39997168E+11  6.91436357E+26
   22450000.     -3.81557408E+08  -82098472.      7.70318008E+10  1.39997151E+11  6.91430749E+26
   22500000.     -3.68334944E+08 -1.30719600E+08  7.69806418E+10  1.39997135E+11  6.91428978E+26
   22550000.     -3.48976416E+08 -1.77163696E+08  7.69294828E+10  1.39997118E+11  6.91424256E+26
   22600000.     -3.23827744E+08 -2.20668928E+08  7.68783237E+10  1.39997102E+11  6.91411786E+26
   22650000.     -2.93326368E+08 -2.60527248E+08  7.68271647E+10  1.39997086E+11  6.91406547E+26
   22700000.     -2.57993200E+08 -2.96094656E+08  7.67760056E+10  1.39997069E+11  6.91400496E+26
   22750000.     -2.18423296E+08 -3.26800224E+08  7.67248466E+10  1.39997053E+11  6.91399758E+26
   22800000.     -1.75275984E+08 -3.52153952E+08  7.66736876E+10  1.39997037E+11  6.91393560E+26
   22850000.     -1.29264232E+08 -3.71753216E+08  7.66225285E+10  1.39997020E+11  6.91384780E+26
   22900000.      -81143552.     -3.85287968E+08  7.65713695E+10  1.39997004E+11  6.91381238E+26
   22950000.      -31700578.     -3.92544736E+08  7.65202104E+10  1.39996987E+11  6.91375187E+26
   23000000.       18258658.     -3.93409280E+08  7.64690514E+10  1.39996971E+11  6.91371277E+26
   23050000.       67920560.     -3.87868000E+08  7.64178924E+10  1.39996955E+11  6.91371277E+26
   23100000.      1.16475896E+08 -3.76008128E+08  7.63667333E+10  1.39996938E+11  6.91367218E+26
   23150000.      1.63131648E+08 -3.58016640E+08  7.63155743E+10  1.39996922E+11  6.91354379E+26
   23200000.      2.07122800E+08 -3.34177920E+08  7.62644152E+10  1.39996905E+11  6.91349436E+26
   23250000.      2.47723840E+08 -3.04870080E+08  7.62132562E+10  1.39996889E+11  6.91343902E+26
   23300000.      2.84259968E+08 -2.70560224E+08  7.61620972E+10  1.39996873E+11  6.91334604E+26
   23350000.      3.16117792E+08 -2.31798128E+08  7.61109381E+10  1.39996856E+11  6.91336228E+26
   23400000.      3.42755520E+08 -1.89208944E+08  7.60597791E+10  1.39996840E+11  6.91330620E+26
   23450000.      3.63712384E+08 -1.43484400E+08  7.60086200E+10  1.39996824E+11  6.91324865E+26
   23500000.      3.78617056E+08  -95372896.      7.59574610E+10  1.39996807E+11  6.91319257E+26
   23550000.      3.87195168E+08  -45668368.      7.59063020E+10  1.39996791E+11  6.91311509E+26
   23600000.      3.89275360E+08   4801940.0      7.58551429E+10  1.39996774E+11  6.91301179E+26
   23650000.      3.84793920E+08   55190672.      7.58039839E+10  1.39996758E+11  6.91299703E+26
   23700000.      3.73797856E+08  1.04644376E+08  7.57528248E+10  1.39996742E+11  6.91289816E+26
   23750000.      3.56445888E+08  1.52318112E+08  7.57016658E+10  1.39996725E+11  6.91288709E+26
   23800000.      3.33007744E+08  1.97390432E+08  7.56505068E+10  1.39996709E+11  6.91281183E+26
   23850000.      3.03861120E+08  2.39078400E+08  7.55993477E+10  1.39996692E+11  6.91275501E+26
   23900000.      2.69486592E+08  2.76652384E+08  7.55481887E+10  1.39996676E+11  6.91270336E+26
   23950000.      2.30460224E+08  3.09450176E+08  7.54970296E+10  1.39996660E+11  6.91264138E+26
   24000000.      1.87444208E+08  3.36890208E+08  7.54458706E+10  1.39996643E+11  6.91257128E+26
   24050000.      1.41175360E+08  3.58483296E+08  7.53947116E+10  1.39996627E+11  6.91254029E+26
   24100000.       92451960.      3.73842912E+08  7.53435525E+10  1.39996611E+11  6.91246355E+26
   24150000.       42118956.      3.82693184E+08  7.52923935E+10  1.39996594E+11  6.91236984E+26
   24200000.      -8947918.0      3.84874816E+08  7.52412344E+10  1.39996578E+11  6.91230343E+26
   24250000.      -59858848.      3.80348480E+08  7.51900754E+10  1.39996561E+11  6.91224957E+26
   24300000.     -1.09727016E+08  3.69195680E+08  7.51389164E+10  1.39996545E+11  6.91219349E+26
   24350000.     -1.57685568E+08  3.51616992E+08  7.50877573E+10  1.39996529E+11  6.91216324E+26
   24400000.     -2.02904112E+08  3.27927808E+08  7.50365983E+10  1.39996512E+11  6.91209683E+26
   24450000.     -2.44604240E+08  2.98551616E+08  7.49854392E+10  1.39996496E+11  6.91205403E+26
   24500000.     -2.82073792E+08  2.64011120E+08  7.49342802E+10  1.39996479E+11  6.91200681E+26
   24550000.     -3.14679456E+08  2.24917568E+08  7.48831212E+10  1.39996463E+11  6.91194999E+26
   24600000.     -3.41877600E+08  1.81958336E+08  7.48319621E+10  1.39996447E+11  6.91184964E+26
   24650000.     -3.63222912E+08  1.35883392E+08  7.47808031E+10  1.39996430E+11  6.91176700E+26
   24700000.     -3.78374976E+08   87490888.      7.47296440E+10  1.39996414E+11  6.91170576E+26
   24750000.     -3.87102688E+08   37612256.      7.46784850E+10  1.39996398E+11  6.91165485E+26
   24800000.     -3.89286400E+08  -12902842.      7.46273260E+10  1.39996381E+11  6.91164230E+26
   24850000.     -3.84918112E+08  -63201404.      7.45761669E+10  1.39996365E+11  6.91159729E+26
   24900000.     -3.74099648E+08 -1.12441504E+08  7.45250079E+10  1.39996348E+11  6.91159065E+26
   24950000.     -3.57039072E+08 -1.59806048E+08  7.44738488E+10  1.39996332E+11  6.91154933E+26
   25000000.     -3.34045504E+08 -2.04515680E+08  7.44226898E+10  1.39996316E+11  6.91155671E+26
   25050000.     -3.05522496E+08 -2.45840592E+08  7.43715308E+10  1.39996299E+11  6.91152277E+26
   25100000.     -2.71960288E+08 -2.83111264E+08  7.43203717E+10  1.39996283E+11  6.91142980E+26
   25150000.     -2.33926864E+08 -3.15728032E+08  7.42692127E+10  1.39996266E+11  6.91139143E+26
   25200000.     -1.92058368E+08 -3.43169248E+08  7.42180536E+10  1.39996250E+11  6.91135675E+26
   25250000.     -1.47048656E+08 -3.64998336E+08  7.41668946E+10  1.39996234E+11  6.91129181E+26
   25300000.      -99638424.     -3.80869536E+08  7.41157356E+10  1.39996217E+11  6.91123647E+26
   25350000.      -50603860.     -3.90532256E+08  7.40645765E+10  1.39996201E+11  6.91118335E+26
   25400000.      -745021.88     -3.93834304E+08  7.40134175E+10  1.39996185E+11  6.91117744E+26
   25450000.       49125944.     -3.90723712E+08  7.39622584E+10  1.39996168E+11  6.91110440E+26
   25500000.       98196728.     -3.81249472E+08  7.39110994E+10  1.39996152E+11  6.91105201E+26
   25550000.      1.45666736E+08 -3.65560832E+08  7.38599404E+10  1.39996135E+11  6.91099224E+26
   25600000.      1.90758928E+08 -3.43905472E+08  7.38087813E+10  1.39996119E+11  6.91090370E+26
   25650000.      2.32731408E+08 -3.16626432E+08  7.37576223E+10  1.39996103E+11  6.91090812E+26
   25700000.      2.70888768E+08 -2.84157600E+08  7.37064632E+10  1.39996086E+11  6.91088230E+26
   25750000.      3.04593056E+08 -2.47018192E+08  7.36553042E+10  1.39996070E+11  6.91081589E+26
   25800000.      3.33274112E+08 -2.05805664E+08  7.36041452E+10  1.39996054E+11  6.91073620E+26
   25850000.      3.56439296E+08 -1.61187552E+08  7.35529861E+10  1.39996037E+11  6.91068602E+26
   25900000.      3.73682336E+08 -1.13891968E+08  7.35018271E+10  1.39996021E+11  6.91064101E+26
   25950000.      3.84691232E+08  -64696944.      7.34506680E+10  1.39996004E+11  6.91051631E+26
   26000000.      3.89254816E+08  -14418584.      7.33995090E+10  1.39995988E+11  6.91047647E+26
   26050000.      3.87268000E+08   36101784.      7.33483500E+10  1.39995972E+11  6.91042777E+26
   26100000.      3.78735456E+08   86011312.      7.32971909E+10  1.39995955E+11  6.91039456E+26
   26150000.      3.63773472E+08  1.34460064E+08  7.32460319E+10  1.39995939E+11  6.91032299E+26
   26200000.      3.42609824E+08  1.80615872E+08  7.31948728E+10  1.39995922E+11  6.91026249E+26
   26250000.      3.15581632E+08  2.23679376E+08  7.31437138E+10  1.39995906E+11  6.91024478E+26
   26300000.      2.83131136E+08  2.62898976E+08  7.30925548E+10  1.39995890E+11  6.91018132E+26
   26350000.      2.45799104E+08  2.97585216E+08  7.30413957E+10  1.39995873E+11  6.91013336E+26
   26400000.      2.04216256E+08  3.27124384E+08  7.29902367E+10  1.39995857E+11  6.91004481E+26
   26450000.      1.59092528E+08  3.50990912E+08  7.29390776E+10  1.39995841E+11  6.90992971E+26
   26500000.      1.11204504E+08  3.68758176E+08  7.28879186E+10  1.39995824E+11  6.90985297E+26
   26550000.       61381232.      3.80107392E+08  7.28367596E+10  1.39995808E+11  6.90981608E+26
   26600000.       10488698.      3.84834432E+08  7.27856005E+10  1.39995791E+11  6.90975852E+26
   26650000.      -40586624.      3.82854144E+08  7.27344415E+10  1.39995775E+11  6.90966850E+26
   26700000.      -90954744.      3.74202144E+08  7.26832824E+10  1.39995759E+11  6.90964489E+26
   26750000.     -1.39739216E+08  3.59034176E+08  7.26321234E+10  1.39995742E+11  6.90955192E+26
   26800000.     -1.86093904E+08  3.37622624E+08  7.25809644E+10  1.39995726E+11  6.90950691E+26
   26850000.     -2.29218848E+08  3.10350848E+08  7.25298053E+10  1.39995709E+11  6.90942353E+26
   26900000.     -2.68375136E+08  2.77705056E+08  7.24786463E+10  1.39995693E+11  6.90933351E+26
   26950000.     -3.02898112E+08  2.40264224E+08  7.24274872E+10  1.39995677E+11  6.90931580E+26
   27000000.     -3.32208896E+08  1.98688336E+08  7.23763282E+10  1.39995660E+11  6.90923906E+26
   27050000.     -3.55823904E+08  1.53705280E+08  7.23251692E+10  1.39995644E+11  6.90915494E+26
   27100000.     -3.73362240E+08  1.06096640E+08  7.22740101E+10  1.39995628E+11  6.90911584E+26
   27150000.     -3.84550880E+08   56682996.      7.22228511E+10  1.39995611E+11  6.90904279E+26
   27200000.     -3.89227680E+08   6308873.0      7.21716920E+10  1.39995595E+11  6.90897638E+26
   27250000.     -3.87342368E+08  -44172240.      7.21205330E+10  1.39995578E+11  6.90890038E+26
   27300000.     -3.78955360E+08  -93912528.      7.20693740E+10  1.39995562E+11  6.90884873E+26
   27350000.     -3.64234880E+08 -1.42083872E+08  7.20182149E+10  1.39995546E+11  6.90879634E+26
   27400000.     -3.43452384E+08 -1.87891104E+08  7.19670559E+10  1.39995529E+11  6.90876535E+26
   27450000.     -3.16976416E+08 -2.30584256E+08  7.19158968E+10  1.39995513E+11  6.90872477E+26
   27500000.     -2.85265280E+08 -2.69469696E+08  7.18647378E+10  1.39995496E+11  6.90870484E+26
   27550000.     -2.48858560E+08 -3.03920160E+08  7.18135788E+10  1.39995480E+11  6.90860671E+26
   27600000.     -2.08367712E+08 -3.33383424E+08  7.17624197E+10  1.39995464E+11  6.90858088E+26
   27650000.     -1.64465936E+08 -3.57389920E+08  7.17112607E+10  1.39995447E+11  6.90846946E+26
   27700000.     -1.17877488E+08 -3.75558752E+08  7.16601016E+10  1.39995431E+11  6.90847389E+26
   27750000.      -69366432.     -3.87602752E+08  7.16089426E+10  1.39995415E+11  6.90841855E+26
   27800000.      -19725182.     -3.93332032E+08  7.15577836E+10  1.39995398E+11  6.90837428E+26
   27850000.       30237292.     -3.92656448E+08  7.15066245E+10  1.39995382E+11  6.90828204E+26
   27900000.       79707320.     -3.85586656E+08  7.14554655E+10  1.39995365E+11  6.90825696E+26
   27950000.      1.27878440E+08 -3.72233952E+08  7.14043064E+10  1.39995349E+11  6.90821195E+26
   28000000.      1.73963264E+08 -3.52808992E+08  7.13531474E+10  1.39995333E+11  6.90816251E+26
   28050000.      2.17205184E+08 -3.27619040E+08  7.13019884E+10  1.39995316E+11  6.90815218E+26
   28100000.      2.56889824E+08 -2.97064096E+08  7.12508293E+10  1.39995300E+11  6.90815144E+26
   28150000.      2.92356128E+08 -2.61631728E+08  7.11996703E+10  1.39995283E+11  6.90808872E+26
   28200000.      3.23007008E+08 -2.21890608E+08  7.11485112E+10  1.39995267E+11  6.90805626E+26
   28250000.      3.48319264E+08 -1.78482720E+08  7.10973522E+10  1.39995251E+11  6.90804814E+26
   28300000.      3.67852864E+08 -1.32114408E+08  7.10461932E+10  1.39995234E+11  6.90792713E+26
   28350000.      3.81259168E+08  -83546088.      7.09950341E+10  1.39995218E+11  6.90784154E+26
   28400000.      3.88288000E+08  -33580884.      7.09438751E+10  1.39995202E+11  6.90785924E+26
   28450000.      3.88793472E+08   16947856.      7.08927160E+10  1.39995185E+11  6.90780686E+26
   28500000.      3.82738304E+08   67189976.      7.08415570E+10  1.39995169E+11  6.90775225E+26
   28550000.      3.70196288E+08  1.16292688E+08  7.07903980E+10  1.39995152E+11  6.90765559E+26
   28600000.      3.51353024E+08  1.63415296E+08  7.07392389E+10  1.39995136E+11  6.90760173E+26
   28650000.      3.26504512E+08  2.07744192E+08  7.06880799E+10  1.39995120E+11  6.90751982E+26
   28700000.      2.96053760E+08  2.48507920E+08  7.06369208E+10  1.39995103E+11  6.90749990E+26
   28750000.      2.60505040E+08  2.84991744E+08  7.05857618E+10  1.39995087E+11  6.90743349E+26
   28800000.      2.20456096E+08  3.16551648E+08  7.05346028E+10  1.39995070E+11  6.90735676E+26
   28850000.      1.76588176E+08  3.42627264E+08  7.04834437E+10  1.39995054E+11  6.90730289E+26
   28900000.      1.29654176E+08  3.62753216E+08  7.04322847E+10  1.39995038E+11  6.90723501E+26
   28950000.       80465008.      3.76568864E+08  7.03811256E+10  1.39995021E+11  6.90718336E+26
   29000000.       29874554.      3.83825920E+08  7.03299666E+10  1.39995005E+11  6.90710662E+26
   29050000.      -21236496.      3.84393696E+08  7.02788076E+10  1.39994989E+11  6.90709334E+26
   29100000.      -71977448.      3.78261952E+08  7.02276485E+10  1.39994972E+11  6.90704685E+26
   29150000.     -1.21464712E+08  3.65541056E+08  7.01764895E+10  1.39994956E+11  6.90701512E+26
   29200000.     -1.68838688E+08  3.46459712E+08  7.01253304E+10  1.39994939E+11  6.90697528E+26
   29250000.     -2.13280080E+08  3.21359968E+08  7.00741714E+10  1.39994923E+11  6.90690223E+26
   29300000.     -2.54025120E+08  2.90690112E+08  7.00230124E+10  1.39994907E+11  6.90682770E+26
   29350000.     -2.90379520E+08  2.54995232E+08  6.99718533E+10  1.39994890E+11  6.90675760E+26
   29400000.     -3.21730592E+08  2.14906064E+08  6.99206943E+10  1.39994874E+11  6.90669193E+26
   29450000.     -3.47557600E+08  1.71126336E+08  6.98695352E+10  1.39994857E+11  6.90669120E+26
   29500000.     -3.67439936E+08  1.24419000E+08  6.98183762E+10  1.39994841E+11  6.90665725E+26
   29550000.     -3.81063136E+08   75591624.      6.97672172E+10  1.39994825E+11  6.90662257E+26
   29600000.     -3.88222784E+08   25481438.      6.97160581E+10  1.39994808E+11  6.90650820E+26
   29650000.     -3.88826144E+08  -25059708.      6.96648991E+10  1.39994792E+11  6.90649271E+26
   29700000.     -3.82891904E+08  -75180128.      6.96137400E+10  1.39994776E+11  6.90641228E+26
   29750000.     -3.70547840E+08 -1.24042608E+08  6.95625810E+10  1.39994759E+11  6.90630972E+26
   29800000.     -3.52026880E+08 -1.70837968E+08  6.95114220E+10  1.39994743E+11  6.90626692E+26
   29850000.     -3.27661568E+08 -2.14797680E+08  6.94602629E+10  1.39994726E+11  6.90617174E+26
   29900000.     -2.97877088E+08 -2.55205472E+08  6.94091039E+10  1.39994710E+11  6.90614222E+26
   29950000.     -2.63183264E+08 -2.91407808E+08  6.93579448E+10  1.39994694E+11  6.90608614E+26
   30000000.     -2.24165456E+08 -3.22823040E+08  6.93067858E+10  1.39994677E+11  6.90601383E+26
   30050000.     -1.81474688E+08 -3.48949408E+08  6.92556268E+10  1.39994661E+11  6.90599243E+26
   30100000.     -1.35817168E+08 -3.69371712E+08  6.92044677E+10  1.39994644E+11  6.90595111E+26
   30150000.      -87943208.     -3.83766752E+08  6.91533087E+10  1.39994628E+11  6.90591127E+26
   30200000.      -38635872.     -3.91907360E+08  6.91021496E+10  1.39994612E+11  6.90588249E+26
   30250000.       11300746.     -3.93665376E+08  6.90509906E+10  1.39994595E+11  6.90581313E+26
   30300000.       61053328.     -3.89013152E+08  6.89998316E+10  1.39994579E+11  6.90577255E+26
   30350000.      1.09811264E+08 -3.78023936E+08  6.89486725E+10  1.39994563E+11  6.90568400E+26
   30400000.      1.56778512E+08 -3.60870944E+08  6.88975135E+10  1.39994546E+11  6.90565449E+26
   30450000.      2.01185424E+08 -3.37825184E+08  6.88463544E+10  1.39994530E+11  6.90560579E+26
   30500000.      2.42300240E+08 -3.09252032E+08  6.87951954E+10  1.39994513E+11  6.90559620E+26
   30550000.      2.79440416E+08 -2.75606560E+08  6.87440364E+10  1.39994497E+11  6.90552536E+26
   30600000.      3.11983360E+08 -2.37427552E+08  6.86928732E+10  1.39994481E+11  6.90548035E+26
   30650000.      3.39376736E+08 -1.95330192E+08  6.86417101E+10  1.39994464E+11  6.90540361E+26
   30700000.      3.61147904E+08 -1.49997568E+08  6.85905469E+10  1.39994448E+11  6.90544567E+26
   30750000.      3.76912672E+08 -1.02170880E+08  6.85393838E+10  1.39994431E+11  6.90537189E+26
   30800000.      3.86382752E+08  -52638496.      6.84882207E+10  1.39994415E+11  6.90535344E+26
   30850000.      3.89372128E+08  -2223847.3      6.84370575E+10  1.39994399E+11  6.90534680E+26
   30900000.      3.85801952E+08   48227632.      6.83858944E+10  1.39994382E+11  6.90525530E+26
   30950000.      3.75703712E+08   97862424.      6.83347313E+10  1.39994366E+11  6.90521103E+26
   31000000.      3.59220640E+08  1.45833472E+08  6.82835681E+10  1.39994350E+11  6.90513650E+26
   31050000.      3.36607232E+08  1.91315120E+08  6.82324050E+10  1.39994333E+11  6.90511511E+26
   31100000.      3.08226432E+08  2.33518144E+08  6.81812419E+10  1.39994317E+11  6.90507526E+26
   31150000.      2.74544928E+08  2.71704608E+08  6.81300787E+10  1.39994300E+11  6.90506124E+26
   31200000.      2.36126128E+08  3.05202112E+08  6.80789156E+10  1.39994284E+11  6.90499779E+26
   31250000.      1.93620912E+08  3.33417120E+08  6.80277524E+10  1.39994268E+11  6.90489596E+26
   31300000.      1.47756544E+08  3.55846976E+08  6.79765893E+10  1.39994251E+11  6.90491441E+26
   31350000.       99323672.      3.72090304E+08  6.79254262E+10  1.39994235E+11  6.90488784E+26
   31400000.       49161740.      3.81855488E+08  6.78742630E+10  1.39994218E+11  6.90476241E+26
   31450000.      -1856755.5      3.84966784E+08  6.78230999E+10  1.39994202E+11  6.90475281E+26
   31500000.      -52842884.      3.81368096E+08  6.77719368E+10  1.39994186E+11  6.90468419E+26
   31550000.     -1.02908336E+08  3.71124256E+08  6.77207736E+10  1.39994169E+11  6.90459269E+26
   31600000.     -1.51182448E+08  3.54419520E+08  6.76696105E+10  1.39994153E+11  6.90449234E+26
   31650000.     -1.96828752E+08  3.31553760E+08  6.76184474E+10  1.39994137E+11  6.90443553E+26
   31700000.     -2.39060704E+08  3.02935936E+08  6.75672842E+10  1.39994120E+11  6.90439421E+26
   31750000.     -2.77156128E+08  2.69075680E+08  6.75161211E+10  1.39994104E+11  6.90431009E+26
   31800000.     -3.10470080E+08  2.30572704E+08  6.74649580E+10  1.39994087E+11  6.90424442E+26
   31850000.     -3.38445888E+08  1.88104672E+08  6.74137948E+10  1.39994071E+11  6.90422228E+26
   31900000.     -3.60624128E+08  1.42413776E+08  6.73626317E+10  1.39994055E+11  6.90417063E+26
   31950000.     -3.76649568E+08   94292440.      6.73114685E+10  1.39994038E+11  6.90406807E+26
   32000000.     -3.86275712E+08   44568444.      6.72603054E+10  1.39994022E+11  6.90405995E+26
   32050000.     -3.89367456E+08  -5910119.5      6.72091423E+10  1.39994006E+11  6.90397584E+26
   32100000.     -3.85901440E+08  -56289772.      6.71579791E+10  1.39993989E+11  6.90391607E+26
   32150000.     -3.75964448E+08 -1.05726152E+08  6.71068160E+10  1.39993973E+11  6.90386811E+26
   32200000.     -3.59750176E+08 -1.53397888E+08  6.70556529E+10  1.39993956E+11  6.90380022E+26
   32250000.     -3.37554144E+08 -1.98519600E+08  6.70044897E+10  1.39993940E+11  6.90375595E+26
   32300000.     -3.09767328E+08 -2.40353920E+08  6.69533266E+10  1.39993924E+11  6.90376554E+26
   32350000.     -2.76868512E+08 -2.78222368E+08  6.69021635E+10  1.39993907E+11  6.90369913E+26
   32400000.     -2.39415568E+08 -3.11515008E+08  6.68510003E+10  1.39993891E+11  6.90367626E+26
   32450000.     -1.98035872E+08 -3.39698976E+08  6.67998372E+10  1.39993874E+11  6.90361649E+26
   32500000.     -1.53416016E+08 -3.62325568E+08  6.67486740E+10  1.39993858E+11  6.90362166E+26
   32550000.     -1.06290944E+08 -3.79036128E+08  6.66975109E+10  1.39993842E+11  6.90355820E+26
   32600000.      -57432692.     -3.89566720E+08  6.66463478E+10  1.39993825E+11  6.90356115E+26
   32650000.      -7638798.0     -3.93751424E+08  6.65951846E+10  1.39993809E+11  6.90351614E+26
   32700000.       42279492.     -3.91524384E+08  6.65440215E+10  1.39993793E+11  6.90345269E+26
   32750000.       91509120.     -3.82920672E+08  6.64928584E+10  1.39993776E+11  6.90345638E+26
   32800000.      1.39247120E+08 -3.68075808E+08  6.64416952E+10  1.39993760E+11  6.90343055E+26
   32850000.      1.84712432E+08 -3.47224096E+08  6.63905321E+10  1.39993743E+11  6.90336045E+26
   32900000.      2.27157600E+08 -3.20695712E+08  6.63393690E+10  1.39993727E+11  6.90332061E+26
   32950000.      2.65880112E+08 -2.88912384E+08  6.62882058E+10  1.39993711E+11  6.90330733E+26
   33000000.      3.00233440E+08 -2.52381952E+08  6.62370427E+10  1.39993694E+11  6.90331397E+26
   33050000.      3.29637408E+08 -2.11691632E+08  6.61858796E+10  1.39993678E+11  6.90333832E+26
   33100000.      3.53588160E+08 -1.67499888E+08  6.61347164E+10  1.39993661E+11  6.90326674E+26
   33150000.      3.71667040E+08 -1.20527176E+08  6.60835533E+10  1.39993645E+11  6.90320550E+26
   33200000.      3.83548608E+08  -71545368.      6.60323901E+10  1.39993629E+11  6.90314499E+26
   33250000.      3.89007488E+08  -21366128.      6.59812270E+10  1.39993612E+11  6.90306604E+26
   33300000.      3.87923744E+08   29171830.      6.59300639E+10  1.39993596E+11  6.90306604E+26
   33350000.      3.80286816E+08   79216360.      6.58789007E+10  1.39993580E+11  6.90302029E+26
   33400000.      3.66197600E+08  1.27916184E+08  6.58277376E+10  1.39993563E+11  6.90292290E+26
   33450000.      3.45868640E+08  1.74435760E+08  6.57765745E+10  1.39993547E+11  6.90287124E+26
   33500000.      3.19622272E+08  2.17970304E+08  6.57254113E+10  1.39993530E+11  6.90285354E+26
   33550000.      2.87886624E+08  2.57760720E+08  6.56742482E+10  1.39993514E+11  6.90280484E+26
   33600000.      2.51189456E+08  2.93108160E+08  6.56230851E+10  1.39993498E+11  6.90277754E+26
   33650000.      2.10149744E+08  3.23387680E+08  6.55719219E+10  1.39993481E+11  6.90270670E+26
   33700000.      1.65467280E+08  3.48060928E+08  6.55207588E+10  1.39993465E+11  6.90264103E+26
   33750000.      1.17910360E+08  3.66687072E+08  6.54695956E+10  1.39993448E+11  6.90263291E+26
   33800000.       68301768.      3.78932064E+08  6.54184325E+10  1.39993432E+11  6.90258790E+26
   33850000.       17503416.      3.84575712E+08  6.53672694E+10  1.39993416E+11  6.90256134E+26
   33900000.      -33599980.      3.83516320E+08  6.53161062E+10  1.39993399E+11  6.90253625E+26
   33950000.      -84117848.      3.75772992E+08  6.52649431E+10  1.39993383E+11  6.90243369E+26
   34000000.     -1.33170832E+08  3.61485056E+08  6.52137800E+10  1.39993367E+11  6.90247353E+26
   34050000.     -1.79907616E+08  3.40909280E+08  6.51626168E+10  1.39993350E+11  6.90234736E+26
   34100000.     -2.23520960E+08  3.14414208E+08  6.51114537E+10  1.39993334E+11  6.90234662E+26
   34150000.     -2.63262688E+08  2.82472512E+08  6.50602906E+10  1.39993317E+11  6.90227652E+26
   34200000.     -2.98457216E+08  2.45651152E+08  6.50091274E+10  1.39993301E+11  6.90224701E+26
   34250000.     -3.28513248E+08  2.04599808E+08  6.49579643E+10  1.39993285E+11  6.90214444E+26
   34300000.     -3.52933632E+08  1.60037920E+08  6.49068012E+10  1.39993268E+11  6.90208836E+26
   34350000.     -3.71323008E+08  1.12740624E+08  6.48556380E+10  1.39993252E+11  6.90203376E+26
   34400000.     -3.83393344E+08   63524108.      6.48044749E+10  1.39993235E+11  6.90197695E+26
   34450000.     -3.88967168E+08   13230562.      6.47533117E+10  1.39993219E+11  6.90193341E+26
   34500000.     -3.87978880E+08  -37286820.      6.47021486E+10  1.39993203E+11  6.90187364E+26
   34550000.     -3.80473920E+08  -87178536.      6.46509855E+10  1.39993186E+11  6.90181462E+26
   34600000.     -3.66605984E+08 -1.35612912E+08  6.45998223E+10  1.39993170E+11  6.90176887E+26
   34650000.     -3.46632736E+08 -1.81789456E+08  6.45486592E+10  1.39993154E+11  6.90171574E+26
   34700000.     -3.20909888E+08 -2.24951280E+08  6.44974961E+10  1.39993137E+11  6.90164122E+26
   34750000.     -2.89884000E+08 -2.64396368E+08  6.44463329E+10  1.39993121E+11  6.90160949E+26
   34800000.     -2.54084080E+08 -2.99487776E+08  6.43951698E+10  1.39993104E+11  6.90157481E+26
   34850000.     -2.14112400E+08 -3.29662560E+08  6.43440067E+10  1.39993088E+11  6.90147667E+26
   34900000.     -1.70634400E+08 -3.54439360E+08  6.42928435E+10  1.39993072E+11  6.90145601E+26
   34950000.     -1.24368064E+08 -3.73424864E+08  6.42416804E+10  1.39993055E+11  6.90142428E+26
   35000000.      -76072752.     -3.86318784E+08  6.41905172E+10  1.39993039E+11  6.90140510E+26
   35050000.      -26537758.     -3.92917824E+08  6.41393541E+10  1.39993022E+11  6.90133205E+26
   35100000.       23429448.     -3.93118080E+08  6.40881910E+10  1.39993006E+11  6.90127228E+26
   35150000.       73015064.     -3.86916448E+08  6.40370278E+10  1.39992990E+11  6.90118816E+26
   35200000.      1.21410888E+08 -3.74410560E+08  6.39858647E+10  1.39992973E+11  6.90116603E+26
   35250000.      1.67826176E+08 -3.55797664E+08  6.39347016E+10  1.39992957E+11  6.90111290E+26
   35300000.      2.11499392E+08 -3.31372032E+08  6.38835384E+10  1.39992941E+11  6.90105166E+26
   35350000.      2.51709680E+08 -3.01521376E+08  6.38323753E+10  1.39992924E+11  6.90100222E+26
   35400000.      2.87788032E+08 -2.66721728E+08  6.37812122E+10  1.39992908E+11  6.90100960E+26
   35450000.      3.19128000E+08 -2.27531152E+08  6.37300490E+10  1.39992891E+11  6.90099115E+26
   35500000.      3.45195712E+08 -1.84582192E+08  6.36788859E+10  1.39992875E+11  6.90093876E+26
   35550000.      3.65539296E+08 -1.38573056E+08  6.36277228E+10  1.39992859E+11  6.90087826E+26
   35600000.      3.79797152E+08  -90257488.      6.35765596E+10  1.39992842E+11  6.90086940E+26
   35650000.      3.87705344E+08  -40433564.      6.35253965E+10  1.39992826E+11  6.90084210E+26
   35700000.      3.89103488E+08   10068658.      6.34742333E+10  1.39992809E+11  6.90078971E+26
   35750000.      3.83939328E+08   60400436.      6.34230702E+10  1.39992793E+11  6.90075208E+26
   35800000.      3.72271456E+08  1.09708432E+08  6.33719071E+10  1.39992777E+11  6.90072552E+26
   35850000.      3.54270336E+08  1.57149360E+08  6.33207439E+10  1.39992760E+11  6.90067313E+26
   35900000.      3.30217120E+08  2.01905024E+08  6.32695808E+10  1.39992744E+11  6.90063550E+26
   35950000.      3.00500544E+08  2.43197280E+08  6.32184177E+10  1.39992728E+11  6.90060230E+26
   36000000.      2.65611568E+08  2.80302816E+08  6.31672545E+10  1.39992711E+11  6.90056097E+26
   36050000.      2.26135792E+08  3.12567200E+08  6.31160914E+10  1.39992695E+11  6.90056393E+26
   36100000.      1.82743824E+08  3.39417920E+08  6.30649283E+10  1.39992678E+11  6.90050047E+26
   36150000.      1.36179616E+08  3.60376032E+08  6.30137651E+10  1.39992662E+11  6.90053810E+26
   36200000.       87247120.      3.75066208E+08  6.29626020E+10  1.39992646E+11  6.90044808E+26
   36250000.       36795344.      3.83224448E+08  6.29114388E+10  1.39992629E+11  6.90046210E+26
   36300000.      -14297629.      3.84703904E+08  6.28602757E+10  1.39992613E+11  6.90038315E+26
   36350000.      -65141412.      3.79477888E+08  6.28091126E+10  1.39992596E+11  6.90035437E+26
   36400000.     -1.14850392E+08  3.67640480E+08  6.27579494E+10  1.39992580E+11  6.90033740E+26
   36450000.     -1.62560688E+08  3.49404576E+08  6.27067863E+10  1.39992564E+11  6.90019573E+26
   36500000.     -2.07446544E+08  3.25097216E+08  6.26556232E+10  1.39992547E+11  6.90019130E+26
   36550000.     -2.48735776E+08  2.95152800E+08  6.26044600E+10  1.39992531E+11  6.90009464E+26
   36600000.     -2.85723840E+08  2.60103936E+08  6.25532969E+10  1.39992515E+11  6.90007841E+26
   36650000.     -3.17786304E+08  2.20570480E+08  6.25021338E+10  1.39992498E+11  6.90004151E+26
   36700000.     -3.44389408E+08  1.77247120E+08  6.24509706E+10  1.39992482E+11  6.89995076E+26
   36750000.     -3.65098496E+08  1.30889648E+08  6.23998075E+10  1.39992465E+11  6.89992788E+26
   36800000.     -3.79584448E+08   82300512.      6.23486444E+10  1.39992449E+11  6.89985410E+26
   36850000.     -3.87627776E+08   32313866.      6.22974812E+10  1.39992433E+11  6.89980466E+26
   36900000.     -3.89120576E+08  -18219482.      6.22463181E+10  1.39992400E+11  6.89982163E+26
   36950000.     -3.84066496E+08  -68446912.      6.21951549E+10  1.39992367E+11  6.89975817E+26
   37000000.     -3.72578752E+08 -1.17528384E+08  6.21439918E+10  1.39992334E+11  6.89968365E+26
   37050000.     -3.54876352E+08 -1.64650080E+08  6.20928287E+10  1.39992302E+11  6.89966225E+26
   37100000.     -3.31278720E+08 -2.09037216E+08  6.20416655E+10  1.39992269E+11  6.89965635E+26
   37150000.     -3.02199040E+08 -2.49965760E+08  6.19905024E+10  1.39992236E+11  6.89960691E+26
   37200000.     -2.68136176E+08 -2.86773056E+08  6.19393393E+10  1.39992203E+11  6.89955526E+26
   37250000.     -2.29665904E+08 -3.18867200E+08  6.18881761E+10  1.39992170E+11  6.89950139E+26
   37300000.     -1.87431008E+08 -3.45735168E+08  6.18370130E+10  1.39992138E+11  6.89948959E+26
   37350000.     -1.42130928E+08 -3.66949696E+08  6.17858499E+10  1.39992105E+11  6.89949770E+26
   37400000.      -94510744.     -3.82174816E+08  6.17346867E+10  1.39992072E+11  6.89947335E+26
   37450000.      -45349820.     -3.91170208E+08  6.16835236E+10  1.39992039E+11  6.89944089E+26
   37500000.       4549831.0     -3.93794208E+08  6.16323604E+10  1.39992007E+11  6.89939735E+26
   37550000.       54375380.     -3.90005504E+08  6.15811973E+10  1.39991974E+11  6.89937891E+26
   37600000.      1.03315096E+08 -3.79863776E+08  6.15300342E+10  1.39991941E+11  6.89935751E+26
   37650000.      1.50570224E+08 -3.63528864E+08  6.14788710E+10  1.39991908E+11  6.89930438E+26
   37700000.      1.95366800E+08 -3.41258752E+08  6.14277079E+10  1.39991876E+11  6.89930364E+26
   37750000.      2.36967248E+08 -3.13406368E+08  6.13765448E+10  1.39991843E+11  6.89928741E+26
   37800000.      2.74681696E+08 -2.80415072E+08  6.13253816E+10  1.39991810E+11  6.89922469E+26
   37850000.      3.07878784E+08 -2.42812752E+08  6.12742185E+10  1.39991777E+11  6.89926011E+26
   37900000.      3.35996128E+08 -2.01204816E+08  6.12230554E+10  1.39991745E+11  6.89918927E+26
   37950000.      3.58549792E+08 -1.56265792E+08  6.11718922E+10  1.39991712E+11  6.89917230E+26
   38000000.      3.75143136E+08 -1.08729728E+08  6.11207291E+10  1.39991679E+11  6.89917157E+26
   38050000.      3.85474560E+08  -59379360.      6.10695660E+10  1.39991646E+11  6.89913393E+26
   38100000.      3.89343968E+08  -9034196.0      6.10184028E+10  1.39991613E+11  6.89905646E+26
   38150000.      3.86657824E+08   41462448.      6.09672397E+10  1.39991581E+11  6.89899964E+26
   38200000.      3.77432640E+08   91257256.      6.09160765E+10  1.39991548E+11  6.89894135E+26
   38250000.      3.61796608E+08  1.39501376E+08  6.08649134E+10  1.39991515E+11  6.89892143E+26
   38300000.      3.39989344E+08  1.85365360E+08  6.08137503E+10  1.39991482E+11  6.89890741E+26
   38350000.      3.12359488E+08  2.28054144E+08  6.07625871E+10  1.39991450E+11  6.89891184E+26
   38400000.      2.79360160E+08  2.66822016E+08  6.07114240E+10  1.39991417E+11  6.89883584E+26
   38450000.      2.41542240E+08  3.00986912E+08  6.06602609E+10  1.39991384E+11  6.89882550E+26
   38500000.      1.99545520E+08  3.29943904E+08  6.06090977E+10  1.39991351E+11  6.89876131E+26
   38550000.      1.54087744E+08  3.53177472E+08  6.05579346E+10  1.39991319E+11  6.89869416E+26
   38600000.      1.05951888E+08  3.70272064E+08  6.05067715E+10  1.39991286E+11  6.89871925E+26
   38650000.       55971788.      3.80920864E+08  6.04556083E+10  1.39991253E+11  6.89865358E+26
   38700000.       5016502.5      3.84932256E+08  6.04044452E+10  1.39991220E+11  6.89868900E+26
   38750000.      -46026212.      3.82233952E+08  6.03532820E+10  1.39991187E+11  6.89862628E+26
   38800000.      -96266912.      3.72874528E+08  6.03021189E+10  1.39991155E+11  6.89863661E+26
   38850000.     -1.44831536E+08  3.57022400E+08  6.02509558E+10  1.39991122E+11  6.89859824E+26
   38900000.     -1.90878032E+08  3.34962240E+08  6.01997926E+10  1.39991089E+11  6.89858348E+26
   38950000.     -2.33612224E+08  3.07088832E+08  6.01486295E+10  1.39991056E+11  6.89858348E+26
   39000000.     -2.72302464E+08  2.73898912E+08  6.00974664E+10  1.39991024E+11  6.89846690E+26
   39050000.     -3.06292704E+08  2.35980784E+08  6.00463032E+10  1.39990991E+11  6.89846764E+26
   39100000.     -3.35013824E+08  1.94002448E+08  5.99951401E+10  1.39990958E+11  6.89838647E+26
   39150000.     -3.57992864E+08  1.48698320E+08  5.99439770E+10  1.39990925E+11  6.89834368E+26
   39200000.     -3.74860256E+08  1.00854976E+08  5.98928138E+10  1.39990893E+11  6.89828243E+26
   39250000.     -3.85354752E+08   51296384.      5.98416507E+10  1.39990860E+11  6.89823521E+26
   39300000.     -3.89326208E+08   868847.81      5.97904876E+10  1.39990827E+11  6.89820348E+26
   39350000.     -3.86736288E+08  -49573956.      5.97393244E+10  1.39990794E+11  6.89814962E+26
   39400000.     -3.77657216E+08  -99185568.      5.96881613E+10  1.39990761E+11  6.89809501E+26
   39450000.     -3.62268608E+08 -1.47140704E+08  5.96369981E+10  1.39990729E+11  6.89808099E+26
   39500000.     -3.40852704E+08 -1.92648368E+08  5.95858350E+10  1.39990696E+11  6.89803894E+26
   39550000.     -3.13788160E+08 -2.34964048E+08  5.95346719E+10  1.39990663E+11  6.89796515E+26
   39600000.     -2.81542496E+08 -2.73400736E+08  5.94835087E+10  1.39990630E+11  6.89800499E+26
   39650000.     -2.44663600E+08 -3.07338784E+08  5.94323456E+10  1.39990598E+11  6.89795187E+26
   39700000.     -2.03770176E+08 -3.36234496E+08  5.93811825E+10  1.39990565E+11  6.89792309E+26
   39750000.     -1.59541552E+08 -3.59627488E+08  5.93300193E+10  1.39990532E+11  6.89791571E+26
   39800000.     -1.12706904E+08 -3.77146784E+08  5.92788562E+10  1.39990499E+11  6.89790317E+26
   39850000.      -64034044.     -3.88515520E+08  5.92276931E+10  1.39990467E+11  6.89788767E+26
   39900000.      -14317835.     -3.93554496E+08  5.91765299E+10  1.39990434E+11  6.89786037E+26
   39950000.       35631560.     -3.92184416E+08  5.91253668E+10  1.39990401E+11  6.89783159E+26
   40000000.       85000568.     -3.84426880E+08  5.90742036E+10  1.39990368E+11  6.89779396E+26
   40050000.      1.32984136E+08 -3.70404064E+08  5.90230405E+10  1.39990335E+11  6.89781462E+26
   40100000.      1.78797536E+08 -3.50337248E+08  5.89718774E+10  1.39990303E+11  6.89786627E+26
   40150000.      2.21688112E+08 -3.24544032E+08  5.89207142E+10  1.39990270E+11  6.89783086E+26
   40200000.      2.60946656E+08 -2.93434240E+08  5.88695511E+10  1.39990237E+11  6.89784857E+26
   40250000.      2.95918496E+08 -2.57504640E+08  5.88183880E+10  1.39990204E+11  6.89779470E+26
   40300000.      3.26014016E+08 -2.17332336E+08  5.87672248E+10  1.39990172E+11  6.89779175E+26
   40350000.      3.50718560E+08 -1.73566848E+08  5.87160617E+10  1.39990139E+11  6.89776150E+26
   40400000.      3.69601632E+08 -1.26920984E+08  5.86648986E+10  1.39990106E+11  6.89775781E+26
   40450000.      3.82324896E+08  -78160472.      5.86137354E+10  1.39990073E+11  6.89775486E+26
   40500000.      3.88649280E+08  -28092434.      5.85625723E+10  1.39990041E+11  6.89769287E+26
   40550000.      3.88440544E+08   22447202.      5.85114092E+10  1.39990008E+11  6.89766779E+26
   40600000.      3.81673408E+08   72607208.      5.84602460E+10  1.39989975E+11  6.89762647E+26
   40650000.      3.68433824E+08  1.21535296E+08  5.84090829E+10  1.39989942E+11  6.89761687E+26
   40700000.      3.48919584E+08  1.68392912E+08  5.83579197E+10  1.39989910E+11  6.89756080E+26
   40750000.      3.23438592E+08  2.12370256E+08  5.83067566E+10  1.39989877E+11  6.89757924E+26
   40800000.      2.92405216E+08  2.52701248E+08  5.82555935E+10  1.39989844E+11  6.89758957E+26
   40850000.      2.56334416E+08  2.88678176E+08  5.82044303E+10  1.39989811E+11  6.89754087E+26
   40900000.      2.15833632E+08  3.19665472E+08  5.81532672E+10  1.39989778E+11  6.89751800E+26
   40950000.      1.71592608E+08  3.45112544E+08  5.81021041E+10  1.39989746E+11  6.89748922E+26
   41000000.      1.24371344E+08  3.64564960E+08  5.80509409E+10  1.39989713E+11  6.89750324E+26
   41050000.       74986272.      3.77674048E+08  5.79997778E+10  1.39989680E+11  6.89739699E+26
   41100000.       24295086.      3.84204064E+08  5.79486147E+10  1.39989647E+11  6.89741765E+26
   41150000.      -26819516.      3.84037440E+08  5.78974515E+10  1.39989615E+11  6.89738002E+26
   41200000.      -77466704.      3.77177120E+08  5.78462884E+10  1.39989582E+11  6.89734017E+26
   41250000.     -1.26764600E+08  3.63746592E+08  5.77951252E+10  1.39989549E+11  6.89733427E+26
   41300000.     -1.73857152E+08  3.43987264E+08  5.77439621E+10  1.39989516E+11  6.89722211E+26
   41350000.     -2.17930336E+08  3.18253280E+08  5.76927990E+10  1.39989484E+11  6.89716973E+26
   41400000.     -2.58227264E+08  2.87004000E+08  5.76416358E+10  1.39989451E+11  6.89708708E+26
   41450000.     -2.94061952E+08  2.50794560E+08  5.75904727E+10  1.39989418E+11  6.89701108E+26
   41500000.     -3.24831232E+08  2.10264384E+08  5.75393096E+10  1.39989385E+11  6.89696534E+26
   41550000.     -3.50024960E+08  1.66124480E+08  5.74881423E+10  1.39989352E+11  6.89686425E+26
   41600000.     -3.69233856E+08  1.19143488E+08  5.74369751E+10  1.39989320E+11  6.89673512E+26
   41650000.     -3.82155328E+08   70133056.      5.73858079E+10  1.39989287E+11  6.89668421E+26
   41700000.     -3.88597184E+08   19932852.      5.73346406E+10  1.39989254E+11  6.89661485E+26
   41750000.     -3.88478944E+08  -30604474.      5.72834734E+10  1.39989221E+11  6.89652999E+26
   41800000.     -3.81831424E+08  -80628048.      5.72323062E+10  1.39989189E+11  6.89646432E+26
   41850000.     -3.68794176E+08 -1.29302984E+08  5.71811389E+10  1.39989156E+11  6.89644219E+26
   41900000.     -3.49611456E+08 -1.75823856E+08  5.71299717E+10  1.39989123E+11  6.89637873E+26
   41950000.     -3.24626368E+08 -2.19427264E+08  5.70788045E+10  1.39989090E+11  6.89625919E+26
   42000000.     -2.94273920E+08 -2.59403264E+08  5.70276372E+10  1.39989058E+11  6.89623042E+26
   42050000.     -2.59072736E+08 -2.95105728E+08  5.69764700E+10  1.39989025E+11  6.89616032E+26
   42100000.     -2.19616016E+08 -3.25961344E+08  5.69253028E+10  1.39988992E+11  6.89611826E+26
   42150000.     -1.76561472E+08 -3.51477568E+08  5.68741356E+10  1.39988959E+11  6.89606882E+26
   42200000.     -1.30620816E+08 -3.71249056E+08  5.68229683E+10  1.39988926E+11  6.89601496E+26
   42250000.      -82548648.     -3.84962976E+08  5.67718011E+10  1.39988894E+11  6.89592494E+26
   42300000.      -33131024.     -3.92402976E+08  5.67206339E+10  1.39988861E+11  6.89588731E+26
   42350000.       16826254.     -3.93451904E+08  5.66694666E+10  1.39988828E+11  6.89582975E+26
   42400000.       66509484.     -3.88093312E+08  5.66182994E+10  1.39988795E+11  6.89573604E+26
   42450000.      1.15108976E+08 -3.76411552E+08  5.65671322E+10  1.39988763E+11  6.89570727E+26
   42500000.      1.61830944E+08 -3.58590816E+08  5.65159649E+10  1.39988730E+11  6.89562610E+26
   42550000.      2.05909280E+08 -3.34912800E+08  5.64647977E+10  1.39988697E+11  6.89557371E+26
   42600000.      2.46617040E+08 -3.05753152E+08  5.64136305E+10  1.39988664E+11  6.89551468E+26
   42650000.      2.83277728E+08 -2.71576576E+08  5.63624632E+10  1.39988632E+11  6.89543204E+26
   42700000.      3.15275968E+08 -2.32930784E+08  5.63112960E+10  1.39988599E+11  6.89534424E+26
   42750000.      3.42067776E+08 -1.90438992E+08  5.62601288E+10  1.39988566E+11  6.89530218E+26
   42800000.      3.63189888E+08 -1.44791328E+08  5.62089615E+10  1.39988533E+11  6.89520256E+26
   42850000.      3.78268352E+08  -96734888.      5.61577943E+10  1.39988500E+11  6.89517157E+26
   42900000.      3.87025920E+08  -47062624.      5.61066271E+10  1.39988468E+11  6.89516641E+26
   42950000.      3.89288288E+08   3398830.8      5.60554598E+10  1.39988435E+11  6.89504983E+26
   43000000.      3.84988736E+08   53802360.      5.60042926E+10  1.39988402E+11  6.89502400E+26
   43050000.      3.74171136E+08  1.03294352E+08  5.59531254E+10  1.39988369E+11  6.89496571E+26
   43100000.      3.56991200E+08  1.51029312E+08  5.59019581E+10  1.39988337E+11  6.89487864E+26
   43150000.      3.33715648E+08  1.96184800E+08  5.58507909E+10  1.39988304E+11  6.89482478E+26
   43200000.      3.04719360E+08  2.37976512E+08  5.57996237E+10  1.39988271E+11  6.89477534E+26
   43250000.      2.70480192E+08  2.75673056E+08  5.57484564E+10  1.39988238E+11  6.89468606E+26
   43300000.      2.31571824E+08  3.08610112E+08  5.56972892E+10  1.39988206E+11  6.89462481E+26
   43350000.      1.88654336E+08  3.36203616E+08  5.56461220E+10  1.39988173E+11  6.89461153E+26
   43400000.      1.42462800E+08  3.57961728E+08  5.55949548E+10  1.39988140E+11  6.89450011E+26
   43450000.       93794096.      3.73494880E+08  5.55437875E+10  1.39988107E+11  6.89447281E+26
   43500000.       43492256.      3.82524096E+08  5.54926203E+10  1.39988074E+11  6.89435475E+26
   43550000.      -7567470.0      3.84886784E+08  5.54414531E+10  1.39988042E+11  6.89433040E+26
   43600000.      -58495292.      3.80540384E+08  5.53902858E+10  1.39988009E+11  6.89426621E+26
   43650000.     -1.08403944E+08  3.69563168E+08  5.53391186E+10  1.39987976E+11  6.89416438E+26
   43700000.     -1.56425680E+08  3.52152544E+08  5.52879514E+10  1.39987943E+11  6.89413560E+26
   43750000.     -2.01728784E+08  3.28620960E+08  5.52367841E+10  1.39987911E+11  6.89402271E+26
   43800000.     -2.43533120E+08  2.99389152E+08  5.51856169E+10  1.39987878E+11  6.89401386E+26
   43850000.     -2.81124480E+08  2.64977440E+08  5.51344497E+10  1.39987845E+11  6.89389358E+26
   43900000.     -3.13867200E+08  2.25994928E+08  5.50832824E+10  1.39987812E+11  6.89378954E+26
   43950000.     -3.41215008E+08  1.83127264E+08  5.50321152E+10  1.39987780E+11  6.89373273E+26
   44000000.     -3.62719808E+08  1.37123056E+08  5.49809480E+10  1.39987747E+11  6.89365378E+26
   44050000.     -3.78038304E+08   88779536.      5.49297807E+10  1.39987714E+11  6.89358294E+26
   44100000.     -3.86936416E+08   38927596.      5.48786135E+10  1.39987681E+11  6.89347226E+26
   44150000.     -3.89291520E+08  -11583227.      5.48274463E+10  1.39987649E+11  6.89345750E+26
   44200000.     -3.85092704E+08  -61899664.      5.47762790E+10  1.39987616E+11  6.89338593E+26
   44250000.     -3.74438976E+08 -1.11179168E+08  5.47251118E+10  1.39987583E+11  6.89334018E+26
   44300000.     -3.57535744E+08 -1.58603664E+08  5.46739446E+10  1.39987550E+11  6.89327746E+26
   44350000.     -3.34689632E+08 -2.03392512E+08  5.46227773E+10  1.39987517E+11  6.89315498E+26
   44400000.     -3.06301984E+08 -2.44814320E+08  5.45716101E+10  1.39987485E+11  6.89310332E+26
   44450000.     -2.72860960E+08 -2.82197792E+08  5.45204429E+10  1.39987452E+11  6.89301035E+26
   44500000.     -2.34932784E+08 -3.14941184E+08  5.44692756E+10  1.39987419E+11  6.89300371E+26
   44550000.     -1.93152128E+08 -3.42520704E+08  5.44181084E+10  1.39987386E+11  6.89292033E+26
   44600000.     -1.48211664E+08 -3.64497440E+08  5.43669412E+10  1.39987354E+11  6.89288860E+26
   44650000.     -1.00851168E+08 -3.80523200E+08  5.43157740E+10  1.39987321E+11  6.89279194E+26
   44700000.      -51846240.     -3.90344896E+08  5.42646067E+10  1.39987288E+11  6.89277202E+26
   44750000.      -1996649.9     -3.93807808E+08  5.42134395E+10  1.39987255E+11  6.89269750E+26
   44800000.       47885456.     -3.90857440E+08  5.41622723E+10  1.39987223E+11  6.89265027E+26
   44850000.       96987464.     -3.81540256E+08  5.41111050E+10  1.39987190E+11  6.89265175E+26
   44900000.      1.44508192E+08 -3.66003072E+08  5.40599378E+10  1.39987157E+11  6.89256985E+26
   44950000.      1.89669728E+08 -3.44491232E+08  5.40087706E+10  1.39987124E+11  6.89250491E+26
   45000000.      2.31729024E+08 -3.17345504E+08  5.39576033E+10  1.39987091E+11  6.89248204E+26
   45050000.      2.69989312E+08 -2.84997728E+08  5.39064361E+10  1.39987059E+11  6.89244736E+26
   45100000.      3.03810944E+08 -2.47965168E+08  5.38552689E+10  1.39987026E+11  6.89236914E+26
   45150000.      3.32621888E+08 -2.06843584E+08  5.38041016E+10  1.39986993E+11  6.89232487E+26
   45200000.      3.55927424E+08 -1.62299040E+08  5.37529344E+10  1.39986960E+11  6.89232266E+26
   45250000.      3.73319040E+08 -1.15058424E+08  5.37017672E+10  1.39986928E+11  6.89221567E+26
   45300000.      3.84482272E+08  -65898828.      5.36505999E+10  1.39986895E+11  6.89216697E+26
   45350000.      3.89203456E+08  -15635711.      5.35994327E+10  1.39986862E+11  6.89213376E+26
   45400000.      3.87374880E+08   34889900.      5.35482655E+10  1.39986829E+11  6.89207842E+26
   45450000.      3.78998592E+08   84825136.      5.34970982E+10  1.39986797E+11  6.89199726E+26
   45500000.      3.64188160E+08  1.33319688E+08  5.34459310E+10  1.39986764E+11  6.89196996E+26
   45550000.      3.43168768E+08  1.79540656E+08  5.33947638E+10  1.39986731E+11  6.89188953E+26
   45600000.      3.16275040E+08  2.22687616E+08  5.33435965E+10  1.39986698E+11  6.89183271E+26
   45650000.      2.83946848E+08  2.62007536E+08  5.32924293E+10  1.39986665E+11  6.89178918E+26
   45700000.      2.46722784E+08  2.96809216E+08  5.32412621E+10  1.39986633E+11  6.89173089E+26
   45750000.      2.05231664E+08  3.26476928E+08  5.31900948E+10  1.39986600E+11  6.89168661E+26
   45800000.      1.60181776E+08  3.50482784E+08  5.31389276E+10  1.39986567E+11  6.89167776E+26
   45850000.      1.12348432E+08  3.68397664E+08  5.30877604E+10  1.39986534E+11  6.89158479E+26
   45900000.       62559728.      3.79900128E+08  5.30365932E+10  1.39986502E+11  6.89151100E+26
   45950000.       11681106.      3.84783264E+08  5.29854259E+10  1.39986469E+11  6.89148075E+26
   46000000.      -39401112.      3.82959072E+08  5.29342587E+10  1.39986436E+11  6.89141287E+26
   46050000.      -89796680.      3.74460384E+08  5.28830915E+10  1.39986403E+11  6.89130883E+26
   46100000.     -1.38628512E+08  3.59440160E+08  5.28319242E+10  1.39986371E+11  6.89124094E+26
   46150000.     -1.85049440E+08  3.38168192E+08  5.27807570E+10  1.39986338E+11  6.89114207E+26
   46200000.     -2.28258144E+08  3.11025408E+08  5.27295898E+10  1.39986305E+11  6.89107418E+26
   46250000.     -2.67514016E+08  2.78495840E+08  5.26784225E+10  1.39986272E+11  6.89094506E+26
   46300000.     -3.02150432E+08  2.41156528E+08  5.26272553E+10  1.39986239E+11  6.89086315E+26
   46350000.     -3.31586336E+08  1.99665872E+08  5.25760881E+10  1.39986207E+11  6.89077313E+26
   46400000.     -3.55335808E+08  1.54750464E+08  5.25249208E+10  1.39986174E+11  6.89072222E+26
   46450000.     -3.73015424E+08  1.07190968E+08  5.24737536E+10  1.39986141E+11  6.89066098E+26
   46500000.     -3.84349632E+08   57807400.      5.24225864E+10  1.39986108E+11  6.89056653E+26
   46550000.     -3.89173760E+08   7444066.0      5.23714191E+10  1.39986076E+11  6.89051119E+26
   46600000.     -3.87434944E+08  -43045432.      5.23202519E+10  1.39986043E+11  6.89043297E+26
   46650000.     -3.79191168E+08  -92812824.      5.22690847E+10  1.39986010E+11  6.89028024E+26
   46700000.     -3.64608352E+08 -1.41029248E+08  5.22179174E+10  1.39985977E+11  6.89023375E+26
   46750000.     -3.43955744E+08 -1.86898512E+08  5.21667502E+10  1.39985945E+11  6.89018284E+26
   46800000.     -3.17599872E+08 -2.29669360E+08  5.21155830E+10  1.39985912E+11  6.89010610E+26
   46850000.     -2.85997248E+08 -2.68646656E+08  5.20644157E+10  1.39985879E+11  6.89007437E+26
   46900000.     -2.49685840E+08 -3.03201472E+08  5.20132485E+10  1.39985846E+11  6.89002788E+26
   46950000.     -2.09275776E+08 -3.32779744E+08  5.19620813E+10  1.39985814E+11  6.88995410E+26
   47000000.     -1.65439168E+08 -3.56909888E+08  5.19109140E+10  1.39985781E+11  6.88991278E+26
   47050000.     -1.18899416E+08 -3.75208992E+08  5.18597468E+10  1.39985748E+11  6.88987588E+26
   47100000.      -70420008.     -3.87387744E+08  5.18085796E+10  1.39985715E+11  6.88982571E+26
   47150000.      -20793022.     -3.93254112E+08  5.17574124E+10  1.39985682E+11  6.88971872E+26
   47200000.       29172640.     -3.92715776E+08  5.17062451E+10  1.39985650E+11  6.88964124E+26
   47250000.       78663120.     -3.85781216E+08  5.16550779E+10  1.39985617E+11  6.88959918E+26
   47300000.      1.26871520E+08 -3.72559680E+08  5.16039107E+10  1.39985584E+11  6.88952466E+26
   47350000.      1.73009776E+08 -3.53259744E+08  5.15527434E+10  1.39985551E+11  6.88949293E+26
   47400000.      2.16320352E+08 -3.28186720E+08  5.15015762E+10  1.39985519E+11  6.88950252E+26
   47450000.      2.56087760E+08 -2.97738848E+08  5.14504090E+10  1.39985486E+11  6.88940955E+26
   47500000.      2.91649600E+08 -2.62401984E+08  5.13992417E+10  1.39985453E+11  6.88935126E+26
   47550000.      3.22407200E+08 -2.22743296E+08  5.13480745E+10  1.39985420E+11  6.88933724E+26
   47600000.      3.47835712E+08 -1.79403472E+08  5.12969073E+10  1.39985388E+11  6.88930920E+26
   47650000.      3.67493184E+08 -1.33087720E+08  5.12457400E+10  1.39985355E+11  6.88931436E+26
   47700000.      3.81028928E+08  -84555616.      5.11945728E+10  1.39985322E+11  6.88923763E+26
   47750000.      3.88190688E+08  -34609660.      5.11434056E+10  1.39985289E+11  6.88913432E+26
   47800000.      3.88830400E+08   15917148.      5.10922383E+10  1.39985256E+11  6.88906792E+26
   47850000.      3.82908512E+08   66174716.      5.10410711E+10  1.39985224E+11  6.88904799E+26
   47900000.      3.70496544E+08  1.15310024E+08  5.09899039E+10  1.39985191E+11  6.88901110E+26
   47950000.      3.51777888E+08  1.62481856E+08  5.09387366E+10  1.39985158E+11  6.88892920E+26
   48000000.      3.27046400E+08  2.06875776E+08  5.08875694E+10  1.39985125E+11  6.88888197E+26
   48050000.      2.96703040E+08  2.47719216E+08  5.08364022E+10  1.39985093E+11  6.88880450E+26
   48100000.      2.61250192E+08  2.84296064E+08  5.07852349E+10  1.39985060E+11  6.88876760E+26
   48150000.      2.21283920E+08  3.15960640E+08  5.07340677E+10  1.39985027E+11  6.88868644E+26
   48200000.      1.77484016E+08  3.42150720E+08  5.06829005E+10  1.39984994E+11  6.88864585E+26
   48250000.      1.30602192E+08  3.62398848E+08  5.06317332E+10  1.39984962E+11  6.88863921E+26
   48300000.       81448480.      3.76342208E+08  5.05805660E+10  1.39984929E+11  6.88857576E+26
   48350000.       30876186.      3.83730144E+08  5.05293988E+10  1.39984896E+11  6.88850492E+26
   48400000.      -20234224.      3.84429632E+08  5.04782316E+10  1.39984863E+11  6.88843925E+26
   48450000.      -70991960.      3.78428000E+08  5.04270643E+10  1.39984830E+11  6.88838243E+26
   48500000.     -1.20512976E+08  3.65833344E+08  5.03758971E+10  1.39984798E+11  6.88834480E+26
   48550000.     -1.67936912E+08  3.46872064E+08  5.03247299E+10  1.39984765E+11  6.88827028E+26
   48600000.     -2.12443408E+08  3.21884160E+08  5.02735626E+10  1.39984732E+11  6.88822305E+26
   48650000.     -2.53267344E+08  2.91316000E+08  5.02223954E+10  1.39984699E+11  6.88812049E+26
   48700000.     -2.89712832E+08  2.55710960E+08  5.01712282E+10  1.39984667E+11  6.88809098E+26
   48750000.     -3.21165440E+08  2.15698368E+08  5.01200609E+10  1.39984634E+11  6.88798251E+26
   48800000.     -3.47102464E+08  1.71980800E+08  5.00688937E+10  1.39984601E+11  6.88789544E+26
   48850000.     -3.67101248E+08  1.25320336E+08  5.00177265E+10  1.39984568E+11  6.88785117E+26
   48900000.     -3.80845184E+08   76523976.      4.99665592E+10  1.39984536E+11  6.88784600E+26
   48950000.     -3.88127712E+08   26428678.      4.99153920E+10  1.39984503E+11  6.88777074E+26
   49000000.     -3.88853984E+08  -24113680.      4.98642248E+10  1.39984470E+11  6.88764678E+26
   49050000.     -3.83040576E+08  -74251120.      4.98130575E+10  1.39984437E+11  6.88757225E+26
   49100000.     -3.70813280E+08 -1.23145872E+08  4.97618903E+10  1.39984404E+11  6.88754717E+26
   49150000.     -3.52403168E+08 -1.69987936E+08  4.97107231E+10  1.39984372E+11  6.88745272E+26
   49200000.     -3.28141024E+08 -2.14007792E+08  4.96595558E+10  1.39984339E+11  6.88740181E+26
   49250000.     -2.98450528E+08 -2.54487968E+08  4.96083886E+10  1.39984306E+11  6.88733909E+26
   49300000.     -2.63840080E+08 -2.90773536E+08  4.95572214E+10  1.39984273E+11  6.88735311E+26
   49350000.     -2.24893872E+08 -3.22281344E+08  4.95060541E+10  1.39984241E+11  6.88729703E+26
   49400000.     -1.82261984E+08 -3.48508000E+08  4.94548869E+10  1.39984208E+11  6.88720553E+26
   49450000.     -1.36649840E+08 -3.69036640E+08  4.94037197E+10  1.39984175E+11  6.88718782E+26
   49500000.      -88807240.     -3.83542272E+08  4.93525524E+10  1.39984142E+11  6.88711035E+26
   49550000.      -39516900.     -3.91796000E+08  4.93013852E+10  1.39984110E+11  6.88706829E+26
   49600000.       10417185.     -3.93667808E+08  4.92502180E+10  1.39984077E+11  6.88705132E+26
   49650000.       60181596.     -3.89128256E+08  4.91990508E+10  1.39984044E+11  6.88701738E+26
   49700000.      1.08965400E+08 -3.78248832E+08  4.91478835E+10  1.39984011E+11  6.88698343E+26
   49750000.      1.55972064E+08 -3.61201056E+08  4.90967163E+10  1.39983978E+11  6.88694949E+26
   49800000.      2.00431216E+08 -3.38254336E+08  4.90455491E+10  1.39983946E+11  6.88689858E+26
   49850000.      2.41610224E+08 -3.09772544E+08  4.89943818E+10  1.39983913E+11  6.88685283E+26
   49900000.      2.78825440E+08 -2.76209312E+08  4.89432146E+10  1.39983880E+11  6.88679601E+26
   49950000.      3.11453056E+08 -2.38102144E+08  4.88920474E+10  1.39983847E+11  6.88670230E+26
   50000000.      3.38939360E+08 -1.96065120E+08  4.88408801E+10  1.39983815E+11  6.88664992E+26
