#Adrien Atallah
#Project 4

#Wave Function vs. x for ground state of particle in a box

  -20.000000      4.37698560E-03
  -19.595959      8.74961074E-03
  -19.191919      1.31137408E-02
  -18.787878      1.74653661E-02
  -18.383839      2.17999350E-02
  -17.979797      2.61135027E-02
  -17.575758      3.04017644E-02
  -17.171717      3.46605666E-02
  -16.767677      3.88859622E-02
  -16.363636      4.30735797E-02
  -15.959596      4.72196676E-02
  -15.555555      5.13199307E-02
  -15.151515      5.53706288E-02
  -14.747475      5.93675822E-02
  -14.343434      6.33072630E-02
  -13.939394      6.71855882E-02
  -13.535354      7.09989294E-02
  -13.131313      7.47435540E-02
  -12.727273      7.84158856E-02
  -12.323233      8.20122063E-02
  -11.919192      8.55292752E-02
  -11.515152      8.89636874E-02
  -11.111112      9.23119932E-02
  -10.707071      9.55707356E-02
  -10.303030      9.87371653E-02
  -9.8989897      0.10180797    
  -9.4949493      0.10478032    
  -9.0909090      0.10765091    
  -8.6868687      0.11041739    
  -8.2828283      0.11307704    
  -7.8787880      0.11562721    
  -7.4747477      0.11806541    
  -7.0707073      0.12038927    
  -6.6666670      0.12259686    
  -6.2626266      0.12468564    
  -5.8585863      0.12665358    
  -5.4545460      0.12849899    
  -5.0505052      0.13022026    
  -4.6464648      0.13181536    
  -4.2424245      0.13328300    
  -3.8383842      0.13462193    
  -3.4343438      0.13583063    
  -3.0303035      0.13690776    
  -2.6262629      0.13785289    
  -2.2222226      0.13866486    
  -1.8181822      0.13934238    
  -1.4141418      0.13988520    
  -1.0101013      0.14029311    
 -0.60606098      0.14056543    
 -0.20202059      0.14070125    
  0.20201981      0.14070098    
  0.60606021      0.14056484    
   1.0101006      0.14029238    
   1.4141409      0.13988425    
   1.8181814      0.13934058    
   2.2222219      0.13866229    
   2.6262622      0.13784969    
   3.0303025      0.13690364    
   3.4343429      0.13582532    
   3.8383834      0.13461553    
   4.2424240      0.13327540    
   4.6464643      0.13180645    
   5.0505047      0.13021007    
   5.4545450      0.12848747    
   5.8585854      0.12664093    
   6.2626257      0.12467191    
   6.6666660      0.12258185    
   7.0707064      0.12037377    
   7.4747467      0.11804892    
   7.8787875      0.11561012    
   8.2828274      0.11305924    
   8.6868677      0.11039948    
   9.0909081      0.10763267    
   9.4949493      0.10476191    
   9.8989897      0.10178964    
   10.303030      9.87191275E-02
   10.707070      9.55530629E-02
   11.111111      9.22945216E-02
   11.515151      8.89469609E-02
   11.919191      8.55136737E-02
   12.323232      8.19974393E-02
   12.727272      7.84017146E-02
   13.131312      7.47302100E-02
   13.535353      7.09866732E-02
   13.939393      6.71743825E-02
   14.343433      6.32969514E-02
   14.747474      5.93583472E-02
   15.151514      5.53623997E-02
   15.555555      5.13125584E-02
   15.959596      4.72129956E-02
   16.363636      4.30676416E-02
   16.767675      3.88806909E-02
   17.171717      3.46561596E-02
   17.575756      3.03979833E-02
   17.979797      2.61104759E-02
   18.383837      2.17976924E-02
   18.787878      1.74637064E-02
   19.191919      1.31128123E-02
   19.595959      8.74905288E-03
   20.000000      4.37659957E-03
