 # Adrien Atallah
 # Project 6
 # Contains the norm, expectation value and variance
 # 1st column: norm, 2nd: expectation value, 3rd: variance
   30.982086      5.83975350E-07   4.1833000    
   30.982086      5.83975350E-07   4.1833000    
   30.982086      5.83975350E-07   4.1833000    
   30.982086      5.83975350E-07   4.1833000    
   30.982086      5.83975350E-07   4.1833000    
   30.982086      5.83975350E-07   4.1833000    
   30.982086      5.83975350E-07   4.1833000    
   30.982086      5.83975350E-07   4.1833000    
   30.982086      5.83975350E-07   4.1833000    
   30.982086      5.83975350E-07   4.1833000    
   30.982086      5.83975350E-07   4.1833000    
   30.982086      5.83975350E-07   4.1833000    
   30.982086      5.83975350E-07   4.1833000    
   30.982086      5.83975350E-07   4.1833000    
   30.982086      5.83975350E-07   4.1833000    
   30.982086      5.83975350E-07   4.1833000    
   30.982086      5.83975350E-07   4.1833000    
   30.982086      5.83975350E-07   4.1833000    
   30.982086      5.83975350E-07   4.1833000    
   30.982086      5.83975350E-07   4.1833000    
