 # Adrien Atallah
 # Project 6
 # Contains the probability density as a function of x
 # x, probability density
  -5.0000000       2.9432979    
  -4.4736843       2.9432979    
  -3.9473684       2.9432979    
  -3.4210525       2.9432979    
  -2.8947368       2.9432979    
  -2.3684211       2.9432979    
  -1.8421052       2.9432979    
  -1.3157893       2.9432979    
 -0.78947353       2.9432979    
 -0.26315773       2.9432979    
  0.26315808       2.9432979    
  0.78947389       2.9432979    
   1.3157897       2.9432979    
   1.8421055       2.9432979    
   2.3684213       2.9432979    
   2.8947372       2.9432979    
   3.4210529       2.9432979    
   3.9473686       2.9432979    
   4.4736843       2.9432979    
   5.0000005       2.9432979    
  -5.0000000       2.9432979    
  -4.4736843       2.9432979    
  -3.9473684       2.9432979    
  -3.4210525       2.9432979    
  -2.8947368       2.9432979    
  -2.3684211       2.9432979    
  -1.8421052       2.9432979    
  -1.3157893       2.9432979    
 -0.78947353       2.9432979    
 -0.26315773       2.9432979    
  0.26315808       2.9432979    
  0.78947389       2.9432979    
   1.3157897       2.9432979    
   1.8421055       2.9432979    
   2.3684213       2.9432979    
   2.8947372       2.9432979    
   3.4210529       2.9432979    
   3.9473686       2.9432979    
   4.4736843       2.9432979    
   5.0000005       2.9432979    
  -5.0000000       2.9432979    
  -4.4736843       2.9432979    
  -3.9473684       2.9432979    
  -3.4210525       2.9432979    
  -2.8947368       2.9432979    
  -2.3684211       2.9432979    
  -1.8421052       2.9432979    
  -1.3157893       2.9432979    
 -0.78947353       2.9432979    
 -0.26315773       2.9432979    
  0.26315808       2.9432979    
  0.78947389       2.9432979    
   1.3157897       2.9432979    
   1.8421055       2.9432979    
   2.3684213       2.9432979    
   2.8947372       2.9432979    
   3.4210529       2.9432979    
   3.9473686       2.9432979    
   4.4736843       2.9432979    
   5.0000005       2.9432979    
  -5.0000000       2.9432979    
  -4.4736843       2.9432979    
  -3.9473684       2.9432979    
  -3.4210525       2.9432979    
  -2.8947368       2.9432979    
  -2.3684211       2.9432979    
  -1.8421052       2.9432979    
  -1.3157893       2.9432979    
 -0.78947353       2.9432979    
 -0.26315773       2.9432979    
  0.26315808       2.9432979    
  0.78947389       2.9432979    
   1.3157897       2.9432979    
   1.8421055       2.9432979    
   2.3684213       2.9432979    
   2.8947372       2.9432979    
   3.4210529       2.9432979    
   3.9473686       2.9432979    
   4.4736843       2.9432979    
   5.0000005       2.9432979    
  -5.0000000       2.9432979    
  -4.4736843       2.9432979    
  -3.9473684       2.9432979    
  -3.4210525       2.9432979    
  -2.8947368       2.9432979    
  -2.3684211       2.9432979    
  -1.8421052       2.9432979    
  -1.3157893       2.9432979    
 -0.78947353       2.9432979    
 -0.26315773       2.9432979    
  0.26315808       2.9432979    
  0.78947389       2.9432979    
   1.3157897       2.9432979    
   1.8421055       2.9432979    
   2.3684213       2.9432979    
   2.8947372       2.9432979    
   3.4210529       2.9432979    
   3.9473686       2.9432979    
   4.4736843       2.9432979    
   5.0000005       2.9432979    
  -5.0000000       2.9432979    
  -4.4736843       2.9432979    
  -3.9473684       2.9432979    
  -3.4210525       2.9432979    
  -2.8947368       2.9432979    
  -2.3684211       2.9432979    
  -1.8421052       2.9432979    
  -1.3157893       2.9432979    
 -0.78947353       2.9432979    
 -0.26315773       2.9432979    
  0.26315808       2.9432979    
  0.78947389       2.9432979    
   1.3157897       2.9432979    
   1.8421055       2.9432979    
   2.3684213       2.9432979    
   2.8947372       2.9432979    
   3.4210529       2.9432979    
   3.9473686       2.9432979    
   4.4736843       2.9432979    
   5.0000005       2.9432979    
  -5.0000000       2.9432979    
  -4.4736843       2.9432979    
  -3.9473684       2.9432979    
  -3.4210525       2.9432979    
  -2.8947368       2.9432979    
  -2.3684211       2.9432979    
  -1.8421052       2.9432979    
  -1.3157893       2.9432979    
 -0.78947353       2.9432979    
 -0.26315773       2.9432979    
  0.26315808       2.9432979    
  0.78947389       2.9432979    
   1.3157897       2.9432979    
   1.8421055       2.9432979    
   2.3684213       2.9432979    
   2.8947372       2.9432979    
   3.4210529       2.9432979    
   3.9473686       2.9432979    
   4.4736843       2.9432979    
   5.0000005       2.9432979    
  -5.0000000       2.9432979    
  -4.4736843       2.9432979    
  -3.9473684       2.9432979    
  -3.4210525       2.9432979    
  -2.8947368       2.9432979    
  -2.3684211       2.9432979    
  -1.8421052       2.9432979    
  -1.3157893       2.9432979    
 -0.78947353       2.9432979    
 -0.26315773       2.9432979    
  0.26315808       2.9432979    
  0.78947389       2.9432979    
   1.3157897       2.9432979    
   1.8421055       2.9432979    
   2.3684213       2.9432979    
   2.8947372       2.9432979    
   3.4210529       2.9432979    
   3.9473686       2.9432979    
   4.4736843       2.9432979    
   5.0000005       2.9432979    
  -5.0000000       2.9432979    
  -4.4736843       2.9432979    
  -3.9473684       2.9432979    
  -3.4210525       2.9432979    
  -2.8947368       2.9432979    
  -2.3684211       2.9432979    
  -1.8421052       2.9432979    
  -1.3157893       2.9432979    
 -0.78947353       2.9432979    
 -0.26315773       2.9432979    
  0.26315808       2.9432979    
  0.78947389       2.9432979    
   1.3157897       2.9432979    
   1.8421055       2.9432979    
   2.3684213       2.9432979    
   2.8947372       2.9432979    
   3.4210529       2.9432979    
   3.9473686       2.9432979    
   4.4736843       2.9432979    
   5.0000005       2.9432979    
  -5.0000000       2.9432979    
  -4.4736843       2.9432979    
  -3.9473684       2.9432979    
  -3.4210525       2.9432979    
  -2.8947368       2.9432979    
  -2.3684211       2.9432979    
  -1.8421052       2.9432979    
  -1.3157893       2.9432979    
 -0.78947353       2.9432979    
 -0.26315773       2.9432979    
  0.26315808       2.9432979    
  0.78947389       2.9432979    
   1.3157897       2.9432979    
   1.8421055       2.9432979    
   2.3684213       2.9432979    
   2.8947372       2.9432979    
   3.4210529       2.9432979    
   3.9473686       2.9432979    
   4.4736843       2.9432979    
   5.0000005       2.9432979    
  -5.0000000       2.9432979    
  -4.4736843       2.9432979    
  -3.9473684       2.9432979    
  -3.4210525       2.9432979    
  -2.8947368       2.9432979    
  -2.3684211       2.9432979    
  -1.8421052       2.9432979    
  -1.3157893       2.9432979    
 -0.78947353       2.9432979    
 -0.26315773       2.9432979    
  0.26315808       2.9432979    
  0.78947389       2.9432979    
   1.3157897       2.9432979    
   1.8421055       2.9432979    
   2.3684213       2.9432979    
   2.8947372       2.9432979    
   3.4210529       2.9432979    
   3.9473686       2.9432979    
   4.4736843       2.9432979    
   5.0000005       2.9432979    
  -5.0000000       2.9432979    
  -4.4736843       2.9432979    
  -3.9473684       2.9432979    
  -3.4210525       2.9432979    
  -2.8947368       2.9432979    
  -2.3684211       2.9432979    
  -1.8421052       2.9432979    
  -1.3157893       2.9432979    
 -0.78947353       2.9432979    
 -0.26315773       2.9432979    
  0.26315808       2.9432979    
  0.78947389       2.9432979    
   1.3157897       2.9432979    
   1.8421055       2.9432979    
   2.3684213       2.9432979    
   2.8947372       2.9432979    
   3.4210529       2.9432979    
   3.9473686       2.9432979    
   4.4736843       2.9432979    
   5.0000005       2.9432979    
  -5.0000000       2.9432979    
  -4.4736843       2.9432979    
  -3.9473684       2.9432979    
  -3.4210525       2.9432979    
  -2.8947368       2.9432979    
  -2.3684211       2.9432979    
  -1.8421052       2.9432979    
  -1.3157893       2.9432979    
 -0.78947353       2.9432979    
 -0.26315773       2.9432979    
  0.26315808       2.9432979    
  0.78947389       2.9432979    
   1.3157897       2.9432979    
   1.8421055       2.9432979    
   2.3684213       2.9432979    
   2.8947372       2.9432979    
   3.4210529       2.9432979    
   3.9473686       2.9432979    
   4.4736843       2.9432979    
   5.0000005       2.9432979    
  -5.0000000       2.9432979    
  -4.4736843       2.9432979    
  -3.9473684       2.9432979    
  -3.4210525       2.9432979    
  -2.8947368       2.9432979    
  -2.3684211       2.9432979    
  -1.8421052       2.9432979    
  -1.3157893       2.9432979    
 -0.78947353       2.9432979    
 -0.26315773       2.9432979    
  0.26315808       2.9432979    
  0.78947389       2.9432979    
   1.3157897       2.9432979    
   1.8421055       2.9432979    
   2.3684213       2.9432979    
   2.8947372       2.9432979    
   3.4210529       2.9432979    
   3.9473686       2.9432979    
   4.4736843       2.9432979    
   5.0000005       2.9432979    
  -5.0000000       2.9432979    
  -4.4736843       2.9432979    
  -3.9473684       2.9432979    
  -3.4210525       2.9432979    
  -2.8947368       2.9432979    
  -2.3684211       2.9432979    
  -1.8421052       2.9432979    
  -1.3157893       2.9432979    
 -0.78947353       2.9432979    
 -0.26315773       2.9432979    
  0.26315808       2.9432979    
  0.78947389       2.9432979    
   1.3157897       2.9432979    
   1.8421055       2.9432979    
   2.3684213       2.9432979    
   2.8947372       2.9432979    
   3.4210529       2.9432979    
   3.9473686       2.9432979    
   4.4736843       2.9432979    
   5.0000005       2.9432979    
  -5.0000000       2.9432979    
  -4.4736843       2.9432979    
  -3.9473684       2.9432979    
  -3.4210525       2.9432979    
  -2.8947368       2.9432979    
  -2.3684211       2.9432979    
  -1.8421052       2.9432979    
  -1.3157893       2.9432979    
 -0.78947353       2.9432979    
 -0.26315773       2.9432979    
  0.26315808       2.9432979    
  0.78947389       2.9432979    
   1.3157897       2.9432979    
   1.8421055       2.9432979    
   2.3684213       2.9432979    
   2.8947372       2.9432979    
   3.4210529       2.9432979    
   3.9473686       2.9432979    
   4.4736843       2.9432979    
   5.0000005       2.9432979    
  -5.0000000       2.9432979    
  -4.4736843       2.9432979    
  -3.9473684       2.9432979    
  -3.4210525       2.9432979    
  -2.8947368       2.9432979    
  -2.3684211       2.9432979    
  -1.8421052       2.9432979    
  -1.3157893       2.9432979    
 -0.78947353       2.9432979    
 -0.26315773       2.9432979    
  0.26315808       2.9432979    
  0.78947389       2.9432979    
   1.3157897       2.9432979    
   1.8421055       2.9432979    
   2.3684213       2.9432979    
   2.8947372       2.9432979    
   3.4210529       2.9432979    
   3.9473686       2.9432979    
   4.4736843       2.9432979    
   5.0000005       2.9432979    
  -5.0000000       2.9432979    
  -4.4736843       2.9432979    
  -3.9473684       2.9432979    
  -3.4210525       2.9432979    
  -2.8947368       2.9432979    
  -2.3684211       2.9432979    
  -1.8421052       2.9432979    
  -1.3157893       2.9432979    
 -0.78947353       2.9432979    
 -0.26315773       2.9432979    
  0.26315808       2.9432979    
  0.78947389       2.9432979    
   1.3157897       2.9432979    
   1.8421055       2.9432979    
   2.3684213       2.9432979    
   2.8947372       2.9432979    
   3.4210529       2.9432979    
   3.9473686       2.9432979    
   4.4736843       2.9432979    
   5.0000005       2.9432979    
  -5.0000000       2.9432979    
  -4.4736843       2.9432979    
  -3.9473684       2.9432979    
  -3.4210525       2.9432979    
  -2.8947368       2.9432979    
  -2.3684211       2.9432979    
  -1.8421052       2.9432979    
  -1.3157893       2.9432979    
 -0.78947353       2.9432979    
 -0.26315773       2.9432979    
  0.26315808       2.9432979    
  0.78947389       2.9432979    
   1.3157897       2.9432979    
   1.8421055       2.9432979    
   2.3684213       2.9432979    
   2.8947372       2.9432979    
   3.4210529       2.9432979    
   3.9473686       2.9432979    
   4.4736843       2.9432979    
   5.0000005       2.9432979    
  -5.0000000       2.9432979    
  -4.4736843       2.9432979    
  -3.9473684       2.9432979    
  -3.4210525       2.9432979    
  -2.8947368       2.9432979    
  -2.3684211       2.9432979    
  -1.8421052       2.9432979    
  -1.3157893       2.9432979    
 -0.78947353       2.9432979    
 -0.26315773       2.9432979    
  0.26315808       2.9432979    
  0.78947389       2.9432979    
   1.3157897       2.9432979    
   1.8421055       2.9432979    
   2.3684213       2.9432979    
   2.8947372       2.9432979    
   3.4210529       2.9432979    
   3.9473686       2.9432979    
   4.4736843       2.9432979    
   5.0000005       2.9432979    
