  -4.0000000      3.28896167E-05
  -3.9770772      6.60040023E-05
  -3.9541547      9.95628070E-05
  -3.9312320      1.33783062E-04
  -3.9083095      1.68878978E-04
  -3.8853867      2.05064003E-04
  -3.8624642      2.42552895E-04
  -3.8395414      2.81560642E-04
  -3.8166189      3.22305597E-04
  -3.7936962      3.65009240E-04
  -3.7707736      4.09897009E-04
  -3.7478509      4.57201211E-04
  -3.7249284      5.07158227E-04
  -3.7020056      5.60013810E-04
  -3.6790831      6.16018428E-04
  -3.6561604      6.75433897E-04
  -3.6332378      7.38529430E-04
  -3.6103151      8.05585238E-04
  -3.5873926      8.76891543E-04
  -3.5644698      9.52745904E-04
  -3.5415473      1.03345944E-03
  -3.5186245      1.11935590E-03
  -3.4957020      1.21076941E-03
  -3.4727793      1.30804931E-03
  -3.4498568      1.41155825E-03
  -3.4269340      1.52166665E-03
  -3.4040115      1.63876649E-03
  -3.3810887      1.76325755E-03
  -3.3581662      1.89555483E-03
  -3.3352435      2.03609024E-03
  -3.3123209      2.18530931E-03
  -3.2893982      2.34367605E-03
  -3.2664757      2.51165754E-03
  -3.2435529      2.68975249E-03
  -3.2206304      2.87846965E-03
  -3.1977077      3.07833636E-03
  -3.1747851      3.28988512E-03
  -3.1518624      3.51366843E-03
  -3.1289399      3.75024346E-03
  -3.1060171      4.00018878E-03
  -3.0830946      4.26409114E-03
  -3.0601718      4.54256032E-03
  -3.0372493      4.83622123E-03
  -3.0143266      5.14569925E-03
  -2.9914041      5.47161140E-03
  -2.9684813      5.81462542E-03
  -2.9455585      6.17538812E-03
  -2.9226360      6.55455654E-03
  -2.8997135      6.95280032E-03
  -2.8767908      7.37079186E-03
  -2.8538680      7.80921802E-03
  -2.8309455      8.26878659E-03
  -2.8080230      8.75013787E-03
  -2.7851002      9.25396569E-03
  -2.7621775      9.78088845E-03
  -2.7392550      1.03316493E-02
  -2.7163324      1.09068630E-02
  -2.6934097      1.15071526E-02
  -2.6704869      1.21331876E-02
  -2.6475644      1.27855493E-02
  -2.6246419      1.34649053E-02
  -2.6017191      1.41717866E-02
  -2.5787964      1.49067221E-02
  -2.5558739      1.56702027E-02
  -2.5329514      1.64627936E-02
  -2.5100286      1.72848888E-02
  -2.4871058      1.81370284E-02
  -2.4641833      1.90195348E-02
  -2.4412608      1.99327432E-02
  -2.4183381      2.08769329E-02
  -2.3954153      2.18523648E-02
  -2.3724928      2.28592288E-02
  -2.3495703      2.38977093E-02
  -2.3266475      2.49678064E-02
  -2.3037248      2.60695238E-02
  -2.2808022      2.72027478E-02
  -2.2578797      2.83674244E-02
  -2.2349570      2.95634866E-02
  -2.2120342      3.07905488E-02
  -2.1891117      3.20483111E-02
  -2.1661892      3.33362930E-02
  -2.1432664      3.46539207E-02
  -2.1203437      3.60006206E-02
  -2.0974212      3.73756997E-02
  -2.0744987      3.87782119E-02
  -2.0515759      4.02072407E-02
  -2.0286531      4.16617393E-02
  -2.0057306      4.31407206E-02
  -1.9828079      4.46427166E-02
  -1.9598854      4.61667925E-02
  -1.9369626      4.77116145E-02
  -1.9140401      4.92755435E-02
  -1.8911173      5.08565120E-02
  -1.8681948      5.24528474E-02
  -1.8452721      5.40627837E-02
  -1.8223495      5.56842051E-02
  -1.7994268      5.73149920E-02
  -1.7765043      5.89528792E-02
  -1.7535815      6.05953969E-02
  -1.7306590      6.22402802E-02
  -1.7077363      6.38850480E-02
  -1.6848137      6.55271113E-02
  -1.6618910      6.71638250E-02
  -1.6389685      6.87920302E-02
  -1.6160457      7.04092830E-02
  -1.5931232      7.20122457E-02
  -1.5702004      7.35977814E-02
  -1.5472779      7.51625970E-02
  -1.5243552      7.67033547E-02
  -1.5014327      7.82163665E-02
  -1.4785099      7.96984583E-02
  -1.4555874      8.11462924E-02
  -1.4326646      8.25563297E-02
  -1.4097421      8.39249790E-02
  -1.3868194      8.52485895E-02
  -1.3638968      8.65237042E-02
  -1.3409741      8.77470449E-02
  -1.3180516      8.89148563E-02
  -1.2951288      9.00236294E-02
  -1.2722063      9.10696238E-02
  -1.2492836      9.20497552E-02
  -1.2263610      9.29595903E-02
  -1.2034383      9.37970653E-02
  -1.1805158      9.45581496E-02
  -1.1575930      9.52402055E-02
  -1.1346705      9.58397165E-02
  -1.1117477      9.63528529E-02
  -1.0888252      9.67768654E-02
  -1.0659025      9.71089080E-02
  -1.0429797      9.73465294E-02
  -1.0200572      9.74865481E-02
 -0.99713445      9.75262895E-02
 -0.97421193      9.74628627E-02
 -0.95128918      9.72946212E-02
 -0.92836666      9.70188230E-02
 -0.90544391      9.66345072E-02
 -0.88252139      9.61394086E-02
 -0.85959864      9.55319703E-02
 -0.83667612      9.48106423E-02
 -0.81375337      9.39749777E-02
 -0.79083085      9.30235833E-02
 -0.76790810      9.19565037E-02
 -0.74498558      9.07732472E-02
 -0.72206283      8.94735008E-02
 -0.69914031      8.80577415E-02
 -0.67621756      8.65251422E-02
 -0.65329504      8.48766789E-02
 -0.63037229      8.31129774E-02
 -0.60744977      8.12353492E-02
 -0.58452702      7.92455375E-02
 -0.56160450      7.71440789E-02
 -0.53868175      7.49341995E-02
 -0.51575923      7.26171955E-02
 -0.49283648      7.01958463E-02
 -0.46991396      6.76729232E-02
 -0.44699121      6.50517344E-02
 -0.42406869      6.23350777E-02
 -0.40114594      5.95261641E-02
 -0.37822342      5.66277504E-02
 -0.35530066      5.36442809E-02
 -0.33237815      5.05798683E-02
 -0.30945539      4.74392213E-02
 -0.28653288      4.42264080E-02
 -0.26361012      4.09460329E-02
 -0.24068761      3.76026444E-02
 -0.21776485      3.42010446E-02
 -0.19484234      3.07463557E-02
 -0.17191958      2.72439849E-02
 -0.14899707      2.36990973E-02
 -0.12607431      2.01167949E-02
 -0.10315180      1.65027604E-02
 -8.02290440E-02  1.28632616E-02
 -5.73065281E-02  9.20322910E-03
 -3.43837738E-02  5.52872568E-03
 -1.14612579E-02  1.84518914E-03
  1.14612579E-02 -1.84061704E-03
  3.43842506E-02 -5.52411191E-03
  5.73067665E-02 -9.19861626E-03
  8.02292824E-02 -1.28588434E-02
  0.10315180     -1.64987519E-02
  0.12607479     -2.01125592E-02
  0.14899731     -2.36946791E-02
  0.17191982     -2.72396691E-02
  0.19484234     -3.07424236E-02
  0.21776533     -3.41973566E-02
  0.24068785     -3.75992507E-02
  0.26361036     -4.09432277E-02
  0.28653288     -4.42239083E-02
  0.30945587     -4.74367663E-02
  0.33237839     -5.05774505E-02
  0.35530090     -5.36412336E-02
  0.37822342     -5.66242300E-02
  0.40114641     -5.95222116E-02
  0.42406893     -6.23314045E-02
  0.44699144     -6.50481731E-02
  0.46991444     -6.76691756E-02
  0.49283695     -7.01915398E-02
  0.51575947     -7.26126805E-02
  0.53868198     -7.49297589E-02
  0.56160498     -7.71401748E-02
  0.58452749     -7.92417973E-02
  0.60745001     -8.12330619E-02
  0.63037252     -8.31116214E-02
  0.65329552     -8.48769993E-02
  0.67621803     -8.65281373E-02
  0.69914055     -8.80638063E-02
  0.72206306     -8.94830152E-02
  0.74498606     -9.07857120E-02
  0.76790857     -9.19715539E-02
  0.79083109     -9.30407345E-02
  0.81375360     -9.39937681E-02
  0.83667660     -9.48316604E-02
  0.85959911     -9.55550596E-02
  0.88252163     -9.61644724E-02
  0.90544415     -9.66617167E-02
  0.92836714     -9.70483646E-02
  0.95128965     -9.73259509E-02
  0.97421217     -9.74966660E-02
  0.99713469     -9.75622535E-02
   1.0200577     -9.75247473E-02
   1.0429802     -9.73870009E-02
   1.0659027     -9.71514359E-02
   1.0888252     -9.68204811E-02
   1.1117482     -9.63974074E-02
   1.1346707     -9.58843455E-02
   1.1575933     -9.52853337E-02
   1.1805158     -9.46026072E-02
   1.2034388     -9.38406363E-02
   1.2263613     -9.30022523E-02
   1.2492838     -9.20905322E-02
   1.2722063     -9.11095217E-02
   1.2951293     -9.00626481E-02
   1.3180518     -8.89530629E-02
   1.3409743     -8.77848566E-02
   1.3638968     -8.65611210E-02
   1.3868198     -8.52852836E-02
   1.4097424     -8.39613825E-02
   1.4326649     -8.25926811E-02
   1.4555874     -8.11831951E-02
   1.4785104     -7.97356442E-02
   1.5014329     -7.82533959E-02
   1.5243554     -7.67403767E-02
   1.5472779     -7.52002150E-02
   1.5702009     -7.36364722E-02
   1.5931234     -7.20515996E-02
   1.6160460     -7.04489201E-02
   1.6389685     -6.88320473E-02
   1.6618915     -6.72037080E-02
   1.6848140     -6.55665398E-02
   1.7077365     -6.39241636E-02
   1.7306590     -6.22789003E-02
   1.7535820     -6.06333725E-02
   1.7765045     -5.89901693E-02
   1.7994270     -5.73516339E-02
   1.8223495     -5.57202287E-02
   1.8452725     -5.40984161E-02
   1.8681951     -5.24876416E-02
   1.8911176     -5.08911610E-02
   1.9140406     -4.93095927E-02
   1.9369631     -4.77454588E-02
   1.9598856     -4.62002456E-02
   1.9828081     -4.46753539E-02
   2.0057311     -4.31727283E-02
   2.0286536     -4.16928530E-02
   2.0515761     -4.02374305E-02
   2.0744987     -3.88078354E-02
   2.0974216     -3.74051183E-02
   2.1203442     -3.60298529E-02
   2.1432667     -3.46828550E-02
   2.1661892     -3.33645195E-02
   2.1891122     -3.20760161E-02
   2.2120347     -3.08178011E-02
   2.2349572     -2.95898281E-02
   2.2578797     -2.83928383E-02
   2.2808027     -2.72272676E-02
   2.3037252     -2.60931514E-02
   2.3266478     -2.49905027E-02
   2.3495703     -2.39197146E-02
   2.3724933     -2.28809770E-02
   2.3954158     -2.18732469E-02
   2.4183383     -2.08967645E-02
   2.4412608     -1.99519768E-02
   2.4641838     -1.90381594E-02
   2.4871063     -1.81549881E-02
   2.5100288     -1.73022188E-02
   2.5329514     -1.64797921E-02
   2.5558743     -1.56867448E-02
   2.5787969     -1.49226906E-02
   2.6017194     -1.41870901E-02
   2.6246419     -1.34798447E-02
   2.6475649     -1.27997445E-02
   2.6704874     -1.21468771E-02
   2.6934099     -1.15200747E-02
   2.7163324     -1.09191574E-02
   2.7392554     -1.03435013E-02
   2.7621779     -9.79225896E-03
   2.7851005     -9.26462747E-03
   2.8080230     -8.76029674E-03
   2.8309460     -8.27838387E-03
   2.8538685     -7.81842321E-03
   2.8767910     -7.37926643E-03
   2.8997135     -6.96077477E-03
   2.9226365     -6.56207325E-03
   2.9455590     -6.18268549E-03
   2.9684815     -5.82147017E-03
   2.9914041     -5.47808735E-03
   3.0143270     -5.15174912E-03
   3.0372496     -4.84204199E-03
   3.0601721     -4.54761786E-03
   3.0830946     -4.26904717E-03
   3.1060176     -4.00448823E-03
   3.1289401     -3.75446700E-03
   3.1518626     -3.51773202E-03
   3.1747851     -3.29353055E-03
   3.1977081     -3.08156875E-03
   3.2206306     -2.88146315E-03
   3.2435532     -2.69252784E-03
   3.2664757     -2.51414767E-03
   3.2893987     -2.34601321E-03
   3.3123212     -2.18748557E-03
   3.3352437     -2.03812448E-03
   3.3581667     -1.89738290E-03
   3.3810892     -1.76496862E-03
   3.4040117     -1.64039538E-03
   3.4269342     -1.52317528E-03
   3.4498572     -1.41297583E-03
   3.4727798     -1.30952953E-03
   3.4957023     -1.21197430E-03
   3.5186248     -1.12052576E-03
   3.5415478     -1.03448494E-03
   3.5644703     -9.53793933E-04
   3.5873928     -8.77599115E-04
   3.6103153     -8.06347816E-04
   3.6332383     -7.39186071E-04
   3.6561608     -6.76151132E-04
   3.6790833     -6.16577745E-04
   3.7020059     -5.60541754E-04
   3.7249289     -5.07684366E-04
   3.7478514     -4.57776157E-04
   3.7707739     -4.10494918E-04
   3.7936964     -3.65377899E-04
   3.8166194     -3.22618755E-04
   3.8395419     -2.81768065E-04
   3.8624644     -2.42752314E-04
   3.8853869     -2.05306220E-04
   3.9083099     -1.69217630E-04
   3.9312325     -1.33993279E-04
   3.9541550     -9.95176597E-05
   3.9770775     -6.61203230E-05
   4.0000000     -3.28814021E-05
