  -4.0000000     -1.35032658E-03
  -3.9770772     -2.70025129E-03
  -3.9541547     -4.04919498E-03
  -3.9312320     -5.39695518E-03
  -3.9083095     -6.74293889E-03
  -3.8853867     -8.08678102E-03
  -3.8624642     -9.42800380E-03
  -3.8395414     -1.07662305E-02
  -3.8166189     -1.21010160E-02
  -3.7936962     -1.34317661E-02
  -3.7707736     -1.47584341E-02
  -3.7478509     -1.60804037E-02
  -3.7249284     -1.73970722E-02
  -3.7020056     -1.87081899E-02
  -3.6790831     -2.00134274E-02
  -3.6561604     -2.13121995E-02
  -3.6332378     -2.26042401E-02
  -3.6103151     -2.38889307E-02
  -3.5873926     -2.51662154E-02
  -3.5644698     -2.64353976E-02
  -3.5415473     -2.76959948E-02
  -3.5186245     -2.89478265E-02
  -3.4957020     -3.01905051E-02
  -3.4727793     -3.14234495E-02
  -3.4498568     -3.26461345E-02
  -3.4269340     -3.38584781E-02
  -3.4040115     -3.50602157E-02
  -3.3810887     -3.62505950E-02
  -3.3581662     -3.74292694E-02
  -3.3352435     -3.85961682E-02
  -3.3123209     -3.97506468E-02
  -3.2893982     -4.08924036E-02
  -3.2664757     -4.20212075E-02
  -3.2435529     -4.31364924E-02
  -3.2206304     -4.42381166E-02
  -3.1977077     -4.53257710E-02
  -3.1747851     -4.63986434E-02
  -3.1518624     -4.74569239E-02
  -3.1289399     -4.85001504E-02
  -3.1060171     -4.95275669E-02
  -3.0830946     -5.05393110E-02
  -3.0601718     -5.15350178E-02
  -3.0372493     -5.25140949E-02
  -3.0143266     -5.34764268E-02
  -2.9914041     -5.44216931E-02
  -2.9684813     -5.53495847E-02
  -2.9455585     -5.62597550E-02
  -2.9226360     -5.71518056E-02
  -2.8997135     -5.80257513E-02
  -2.8767908     -5.88810891E-02
  -2.8538680     -5.97177409E-02
  -2.8309455     -6.05352260E-02
  -2.8080230     -6.13335818E-02
  -2.7851002     -6.21122792E-02
  -2.7621775     -6.28707930E-02
  -2.7392550     -6.36094734E-02
  -2.7163324     -6.43278509E-02
  -2.6934097     -6.50255829E-02
  -2.6704869     -6.57025799E-02
  -2.6475644     -6.63584173E-02
  -2.6246419     -6.69934377E-02
  -2.6017191     -6.76067024E-02
  -2.5787964     -6.81983456E-02
  -2.5558739     -6.87682331E-02
  -2.5329514     -6.93161860E-02
  -2.5100286     -6.98417723E-02
  -2.4871058     -7.03450218E-02
  -2.4641833     -7.08260387E-02
  -2.4412608     -7.12842122E-02
  -2.4183381     -7.17195570E-02
  -2.3954153     -7.21320212E-02
  -2.3724928     -7.25214109E-02
  -2.3495703     -7.28876218E-02
  -2.3266475     -7.32304901E-02
  -2.3037248     -7.35498592E-02
  -2.2808022     -7.38456920E-02
  -2.2578797     -7.41177127E-02
  -2.2349570     -7.43660852E-02
  -2.2120342     -7.45905042E-02
  -2.1891117     -7.47908726E-02
  -2.1661892     -7.49674216E-02
  -2.1432664     -7.51195326E-02
  -2.1203437     -7.52474070E-02
  -2.0974212     -7.53511786E-02
  -2.0744987     -7.54306614E-02
  -2.0515759     -7.54858404E-02
  -2.0286531     -7.55170509E-02
  -2.0057306     -7.55237192E-02
  -1.9828079     -7.55063072E-02
  -1.9598854     -7.54649490E-02
  -1.9369626     -7.53995031E-02
  -1.9140401     -7.53096715E-02
  -1.8911173     -7.51958489E-02
  -1.8681948     -7.50579014E-02
  -1.8452721     -7.48959333E-02
  -1.8223495     -7.47100636E-02
  -1.7994268     -7.45005310E-02
  -1.7765043     -7.42669329E-02
  -1.7535815     -7.40097761E-02
  -1.7306590     -7.37290755E-02
  -1.7077363     -7.34250844E-02
  -1.6848137     -7.30974525E-02
  -1.6618910     -7.27464557E-02
  -1.6389685     -7.23723173E-02
  -1.6160457     -7.19749033E-02
  -1.5931232     -7.15543851E-02
  -1.5702004     -7.11112842E-02
  -1.5472779     -7.06451535E-02
  -1.5243552     -7.01562166E-02
  -1.5014327     -6.96448013E-02
  -1.4785099     -6.91114292E-02
  -1.4555874     -6.85557052E-02
  -1.4326646     -6.79776073E-02
  -1.4097421     -6.73776940E-02
  -1.3868194     -6.67562336E-02
  -1.3638968     -6.61135614E-02
  -1.3409741     -6.54493049E-02
  -1.3180516     -6.47638962E-02
  -1.2951288     -6.40578270E-02
  -1.2722063     -6.33315742E-02
  -1.2492836     -6.25843108E-02
  -1.2263610     -6.18170165E-02
  -1.2034383     -6.10299855E-02
  -1.1805158     -6.02232739E-02
  -1.1575930     -5.93971461E-02
  -1.1346705     -5.85518517E-02
  -1.1117477     -5.76878563E-02
  -1.0888252     -5.68052903E-02
  -1.0659025     -5.59044965E-02
  -1.0429797     -5.49858958E-02
  -1.0200572     -5.40497564E-02
 -0.99713445     -5.30964583E-02
 -0.97421193     -5.21262698E-02
 -0.95128918     -5.11391237E-02
 -0.92836666     -5.01357913E-02
 -0.90544391     -4.91163544E-02
 -0.88252139     -4.80811149E-02
 -0.85959864     -4.70303744E-02
 -0.83667612     -4.59647439E-02
 -0.81375337     -4.48843017E-02
 -0.79083085     -4.37896326E-02
 -0.76790810     -4.26809154E-02
 -0.74498558     -4.15585600E-02
 -0.72206283     -4.04228158E-02
 -0.69914031     -3.92740667E-02
 -0.67621756     -3.81129347E-02
 -0.65329504     -3.69396061E-02
 -0.63037229     -3.57544981E-02
 -0.60744977     -3.45578678E-02
 -0.58452702     -3.33500281E-02
 -0.56160450     -3.21313106E-02
 -0.53868175     -3.09025124E-02
 -0.51575923     -2.96635777E-02
 -0.49283648     -2.84150429E-02
 -0.46991396     -2.71576978E-02
 -0.44699121     -2.58917473E-02
 -0.42406869     -2.46174894E-02
 -0.40114594     -2.33355910E-02
 -0.37822342     -2.20461525E-02
 -0.35530066     -2.07496379E-02
 -0.33237815     -1.94466449E-02
 -0.30945539     -1.81372613E-02
 -0.28653288     -1.68219879E-02
 -0.26361012     -1.55011909E-02
 -0.24068761     -1.41755342E-02
 -0.21776485     -1.28453877E-02
 -0.19484234     -1.15109915E-02
 -0.17191958     -1.01728169E-02
 -0.14899707     -8.83139577E-03
 -0.12607431     -7.48747960E-03
 -0.10315180     -6.14126958E-03
 -8.02290440E-02 -4.79293428E-03
 -5.73065281E-02 -3.44299711E-03
 -3.43837738E-02 -2.09226925E-03
 -1.14612579E-02 -7.40954652E-04
  1.14612579E-02  6.10671937E-04
  3.43842506E-02  1.96247874E-03
  5.73067665E-02  3.31338402E-03
  8.02292824E-02  4.66343993E-03
  0.10315180      6.01186324E-03
  0.12607479      7.35816965E-03
  0.14899731      8.70209653E-03
  0.17191982      1.00433156E-02
  0.19484234      1.13812853E-02
  0.21776533      1.27155939E-02
  0.24068785      1.40457116E-02
  0.26361036      1.53716570E-02
  0.28653288      1.66927688E-02
  0.30945587      1.80086456E-02
  0.33237839      1.93186384E-02
  0.35530090      2.06223577E-02
  0.37822342      2.19196808E-02
  0.40114641      2.32099444E-02
  0.42406893      2.44927444E-02
  0.44699144      2.57676542E-02
  0.46991444      2.70341411E-02
  0.49283695      2.82922648E-02
  0.51575947      2.95410864E-02
  0.53868198      3.07802968E-02
  0.56160498      3.20095904E-02
  0.58452749      3.32286358E-02
  0.60745001      3.44370008E-02
  0.63037252      3.56345028E-02
  0.65329552      3.68204564E-02
  0.67621803      3.79947126E-02
  0.69914055      3.91569212E-02
  0.72206306      4.03065830E-02
  0.74498606      4.14430425E-02
  0.76790857      4.25663665E-02
  0.79083109      4.36759815E-02
  0.81375360      4.47712019E-02
  0.83667660      4.58520949E-02
  0.85959911      4.69183065E-02
  0.88252163      4.79692556E-02
  0.90544415      4.90048751E-02
  0.92836714      5.00246175E-02
  0.95128965      5.10283522E-02
  0.97421217      5.20157255E-02
  0.99713469      5.29863685E-02
   1.0200577      5.39400354E-02
   1.0429802      5.48768267E-02
   1.0659027      5.57959192E-02
   1.0888252      5.66971749E-02
   1.1117482      5.75802997E-02
   1.1346707      5.84451854E-02
   1.1575933      5.92914186E-02
   1.1805158      6.01186156E-02
   1.2034388      6.09266087E-02
   1.2263613      6.17151298E-02
   1.2492838      6.24836423E-02
   1.2722063      6.32322282E-02
   1.2951293      6.39603734E-02
   1.3180518      6.46679997E-02
   1.3409743      6.53546974E-02
   1.3638968      6.60205260E-02
   1.3868198      6.66651130E-02
   1.4097424      6.72881678E-02
   1.4326649      6.78892583E-02
   1.4555874      6.84688464E-02
   1.4785104      6.90264702E-02
   1.5014329      6.95616901E-02
   1.5243554      7.00743943E-02
   1.5472779      7.05645382E-02
   1.5702009      7.10317194E-02
   1.5931234      7.14758933E-02
   1.6160460      7.18971193E-02
   1.6389685      7.22949132E-02
   1.6618915      7.26693794E-02
   1.6848140      7.30205998E-02
   1.7077365      7.33483210E-02
   1.7306590      7.36524612E-02
   1.7535820      7.39328936E-02
   1.7765045      7.41897449E-02
   1.7994270      7.44228363E-02
   1.8223495      7.46318549E-02
   1.8452725      7.48170912E-02
   1.8681951      7.49787837E-02
   1.8911176      7.51161426E-02
   1.9140406      7.52294287E-02
   1.9369631      7.53187016E-02
   1.9598856      7.53839687E-02
   1.9828081      7.54250288E-02
   2.0057311      7.54418150E-02
   2.0286536      7.54344463E-02
   2.0515761      7.54028186E-02
   2.0744987      7.53471032E-02
   2.0974216      7.52674937E-02
   2.1203442      7.51635134E-02
   2.1432667      7.50352815E-02
   2.1661892      7.48830363E-02
   2.1891122      7.47069642E-02
   2.2120347      7.45066851E-02
   2.2349572      7.42824525E-02
   2.2578797      7.40344822E-02
   2.2808027      7.37631768E-02
   2.3037252      7.34684393E-02
   2.3266478      7.31502175E-02
   2.3495703      7.28086457E-02
   2.3724933      7.24437982E-02
   2.3954158      7.20561892E-02
   2.4183383      7.16456398E-02
   2.4412608      7.12119490E-02
   2.4641838      7.07562640E-02
   2.4871063      7.02782869E-02
   2.5100288      6.97776899E-02
   2.5329514      6.92548752E-02
   2.5558743      6.87103048E-02
   2.5787969      6.81440979E-02
   2.6017194      6.75559193E-02
   2.6246419      6.69455752E-02
   2.6475649      6.63138554E-02
   2.6704874      6.56609386E-02
   2.6934099      6.49866238E-02
   2.7163324      6.42910078E-02
   2.7392554      6.35748804E-02
   2.7621779      6.28380924E-02
   2.7851005      6.20813742E-02
   2.8080230      6.13047853E-02
   2.8309460      6.05085380E-02
   2.8538685      5.96924126E-02
   2.8767910      5.88575304E-02
   2.8997135      5.80040403E-02
   2.9226365      5.71319461E-02
   2.9455590      5.62419333E-02
   2.9684815      5.53342327E-02
   2.9914041      5.44089042E-02
   3.0143270      5.34669831E-02
   3.0372496      5.25078848E-02
   3.0601721      5.15317135E-02
   3.0830946      5.05388379E-02
   3.1060176      4.95298468E-02
   3.1289401      4.85050157E-02
   3.1518626      4.74641994E-02
   3.1747851      4.64074500E-02
   3.1977081      4.53355648E-02
   3.2206306      4.42493930E-02
   3.2435532      4.31486182E-02
   3.2664757      4.20333445E-02
   3.2893987      4.09044512E-02
   3.3123212      3.97623070E-02
   3.3352437      3.86073627E-02
   3.3581667      3.74398902E-02
   3.3810892      3.62601765E-02
   3.4040117      3.50684337E-02
   3.4269342      3.38655449E-02
   3.4498572      3.26517783E-02
   3.4727798      3.14275585E-02
   3.4957023      3.01934257E-02
   3.5186248      2.89494842E-02
   3.5415478      2.76964791E-02
   3.5644703      2.64346637E-02
   3.5873928      2.51643136E-02
   3.6103153      2.38862392E-02
   3.6332383      2.26008296E-02
   3.6561608      2.13084836E-02
   3.6790833      2.00094078E-02
   3.7020059      1.87042393E-02
   3.7249289      1.73933953E-02
   3.7478514      1.60769280E-02
   3.7707739      1.47547517E-02
   3.7936964      1.34280464E-02
   3.8166194      1.20970719E-02
   3.8395419      1.07621411E-02
   3.8624644      9.42378677E-03
   3.8853869      8.08241311E-03
   3.9083099      6.73856074E-03
   3.9312325      5.39307343E-03
   3.9541550      4.04589856E-03
   3.9770775      2.69763893E-03
   4.0000000      1.34880655E-03
