  -4.0000000     -4.30655142E-04
  -3.9770772     -8.61454988E-04
  -3.9541547     -1.29286118E-03
  -3.9312320     -1.72482652E-03
  -3.9083095     -2.15760665E-03
  -3.8853867     -2.59166979E-03
  -3.8624642     -3.02713620E-03
  -3.8395414     -3.46390647E-03
  -3.8166189     -3.90262995E-03
  -3.7936962     -4.34334436E-03
  -3.7707736     -4.78627766E-03
  -3.7478509     -5.23182657E-03
  -3.7249284     -5.68003347E-03
  -3.7020056     -6.13098964E-03
  -3.6790831     -6.58527249E-03
  -3.6561604     -7.04304315E-03
  -3.6332378     -7.50436634E-03
  -3.6103151     -7.96954334E-03
  -3.5873926     -8.43892898E-03
  -3.5644698     -8.91256519E-03
  -3.5415473     -9.39095113E-03
  -3.5186245     -9.87414736E-03
  -3.4957020     -1.03625041E-02
  -3.4727793     -1.08560817E-02
  -3.4498568     -1.13552827E-02
  -3.4269340     -1.18605094E-02
  -3.4040115     -1.23718884E-02
  -3.3810887     -1.28894420E-02
  -3.3581662     -1.34137096E-02
  -3.3352435     -1.39449881E-02
  -3.3123209     -1.44835496E-02
  -3.2893982     -1.50294509E-02
  -3.2664757     -1.55831100E-02
  -3.2435529     -1.61449574E-02
  -3.2206304     -1.67150702E-02
  -3.1977077     -1.72937568E-02
  -3.1747851     -1.78813338E-02
  -3.1518624     -1.84782948E-02
  -3.1289399     -1.90845896E-02
  -3.1060171     -1.97006222E-02
  -3.0830946     -2.03268379E-02
  -3.0601718     -2.09635254E-02
  -3.0372493     -2.16110703E-02
  -3.0143266     -2.22693998E-02
  -2.9914041     -2.29391214E-02
  -2.9684813     -2.36206166E-02
  -2.9455585     -2.43140534E-02
  -2.9226360     -2.50197668E-02
  -2.8997135     -2.57381722E-02
  -2.8767908     -2.64694970E-02
  -2.8538680     -2.72142179E-02
  -2.8309455     -2.79725194E-02
  -2.8080230     -2.87448820E-02
  -2.7851002     -2.95313392E-02
  -2.7621775     -3.03325057E-02
  -2.7392550     -3.11487038E-02
  -2.7163324     -3.19799334E-02
  -2.6934097     -3.28265131E-02
  -2.6704869     -3.36891189E-02
  -2.6475644     -3.45676616E-02
  -2.6246419     -3.54623608E-02
  -2.6017191     -3.63734402E-02
  -2.5787964     -3.73014323E-02
  -2.5558739     -3.82460840E-02
  -2.5329514     -3.92078124E-02
  -2.5100286     -4.01866473E-02
  -2.4871058     -4.11825515E-02
  -2.4641833     -4.21955213E-02
  -2.4412608     -4.32258025E-02
  -2.4183381     -4.42726910E-02
  -2.3954153     -4.53364290E-02
  -2.3724928     -4.64168452E-02
  -2.3495703     -4.75131571E-02
  -2.3266475     -4.86251824E-02
  -2.3037248     -4.97523583E-02
  -2.2808022     -5.08940890E-02
  -2.2578797     -5.20493090E-02
  -2.2349570     -5.32172583E-02
  -2.2120342     -5.43968901E-02
  -2.1891117     -5.55873327E-02
  -2.1661892     -5.67865260E-02
  -2.1432664     -5.79932071E-02
  -2.1203437     -5.92060685E-02
  -2.0974212     -6.04231134E-02
  -2.0744987     -6.16421215E-02
  -2.0515759     -6.28611147E-02
  -2.0286531     -6.40782490E-02
  -2.0057306     -6.52908385E-02
  -1.9828079     -6.64963499E-02
  -1.9598854     -6.76923767E-02
  -1.9369626     -6.88763931E-02
  -1.9140401     -7.00456351E-02
  -1.8911173     -7.11976290E-02
  -1.8681948     -7.23292306E-02
  -1.8452721     -7.34382942E-02
  -1.8223495     -7.45219514E-02
  -1.7994268     -7.55768344E-02
  -1.7765043     -7.66011551E-02
  -1.7535815     -7.75922611E-02
  -1.7306590     -7.85474181E-02
  -1.7077363     -7.94638470E-02
  -1.6848137     -8.03401470E-02
  -1.6618910     -8.11736658E-02
  -1.6389685     -8.19622949E-02
  -1.6160457     -8.27039629E-02
  -1.5931232     -8.33970979E-02
  -1.5702004     -8.40399116E-02
  -1.5472779     -8.46306980E-02
  -1.5243552     -8.51682499E-02
  -1.5014327     -8.56510401E-02
  -1.4785099     -8.60781595E-02
  -1.4555874     -8.64479840E-02
  -1.4326646     -8.67597312E-02
  -1.4097421     -8.70126411E-02
  -1.3868194     -8.72056857E-02
  -1.3638968     -8.73381495E-02
  -1.3409741     -8.74094069E-02
  -1.3180516     -8.74192789E-02
  -1.2951288     -8.73667970E-02
  -1.2722063     -8.72522369E-02
  -1.2492836     -8.70747566E-02
  -1.2263610     -8.68347138E-02
  -1.2034383     -8.65320340E-02
  -1.1805158     -8.61664489E-02
  -1.1575930     -8.57380629E-02
  -1.1346705     -8.52473378E-02
  -1.1117477     -8.46941471E-02
  -1.0888252     -8.40785578E-02
  -1.0659025     -8.34010765E-02
  -1.0429797     -8.26620385E-02
  -1.0200572     -8.18617269E-02
 -0.99713445     -8.10008198E-02
 -0.97421193     -8.00797865E-02
 -0.95128918     -7.90992379E-02
 -0.92836666     -7.80596733E-02
 -0.90544391     -7.69623891E-02
 -0.88252139     -7.58077651E-02
 -0.85959864     -7.45966434E-02
 -0.83667612     -7.33297616E-02
 -0.81375337     -7.20081851E-02
 -0.79083085     -7.06330463E-02
 -0.76790810     -6.92051277E-02
 -0.74498558     -6.77256137E-02
 -0.72206283     -6.61953986E-02
 -0.69914031     -6.46158084E-02
 -0.67621756     -6.29881620E-02
 -0.65329504     -6.13130853E-02
 -0.63037229     -5.95922917E-02
 -0.60744977     -5.78269102E-02
 -0.58452702     -5.60184568E-02
 -0.56160450     -5.41680530E-02
 -0.53868175     -5.22773676E-02
 -0.51575923     -5.03476188E-02
 -0.49283648     -4.83805761E-02
 -0.46991396     -4.63773496E-02
 -0.44699121     -4.43395451E-02
 -0.42406869     -4.22687121E-02
 -0.40114594     -4.01664339E-02
 -0.37822342     -3.80338244E-02
 -0.35530066     -3.58724855E-02
 -0.33237815     -3.36842872E-02
 -0.30945539     -3.14708874E-02
 -0.28653288     -2.92337146E-02
 -0.26361012     -2.69743409E-02
 -0.24068761     -2.46947613E-02
 -0.21776485     -2.23968867E-02
 -0.19484234     -2.00818926E-02
 -0.17191958     -1.77515894E-02
 -0.14899707     -1.54081360E-02
 -0.12607431     -1.30529851E-02
 -0.10315180     -1.06878243E-02
 -8.02290440E-02 -8.31462629E-03
 -5.73065281E-02 -5.93522098E-03
 -3.43837738E-02 -3.55124753E-03
 -1.14612579E-02 -1.16459141E-03
  1.14612579E-02  1.22308836E-03
  3.43842506E-02  3.60980001E-03
  5.73067665E-02  5.99385751E-03
  8.02292824E-02  8.37375037E-03
  0.10315180      1.07473703E-02
  0.12607479      1.31128738E-02
  0.14899731      1.54687651E-02
  0.17191982      1.78130660E-02
  0.19484234      2.01440230E-02
  0.21776533      2.24599484E-02
  0.24068785      2.47589368E-02
  0.26361036      2.70394534E-02
  0.28653288      2.92996708E-02
  0.30945587      3.15381289E-02
  0.33237839      3.37528437E-02
  0.35530090      3.59423906E-02
  0.37822342      3.81053947E-02
  0.40114641      4.02395912E-02
  0.42406893      4.23435643E-02
  0.44699144      4.44160588E-02
  0.46991444      4.64554317E-02
  0.49283695      4.84596528E-02
  0.51575947      5.04277907E-02
  0.53868198      5.23581430E-02
  0.56160498      5.42494580E-02
  0.58452749      5.61001226E-02
  0.60745001      5.79089001E-02
  0.63037252      5.96742332E-02
  0.65329552      6.13952242E-02
  0.67621803      6.30699843E-02
  0.69914055      6.46974370E-02
  0.72206306      6.62765726E-02
  0.74498606      6.78062439E-02
  0.76790857      6.92850053E-02
  0.79083109      7.07122907E-02
  0.81375360      7.20865503E-02
  0.83667660      7.34073743E-02
  0.85959911      7.46734738E-02
  0.88252163      7.58844092E-02
  0.90544415      7.70385191E-02
  0.92836714      7.81353414E-02
  0.95128965      7.91745633E-02
  0.97421217      8.01551864E-02
  0.99713469      8.10764730E-02
   1.0200577      8.19376558E-02
   1.0429802      8.27381313E-02
   1.0659027      8.34775418E-02
   1.0888252      8.41553807E-02
   1.1117482      8.47711861E-02
   1.1346707      8.53242502E-02
   1.1575933      8.58147740E-02
   1.1805158      8.62425342E-02
   1.2034388      8.66077989E-02
   1.2263613      8.69102776E-02
   1.2492838      8.71495828E-02
   1.2722063      8.73259082E-02
   1.2951293      8.74401629E-02
   1.3180518      8.74922350E-02
   1.3409743      8.74822810E-02
   1.3638968      8.74108300E-02
   1.3868198      8.72784629E-02
   1.4097424      8.70857388E-02
   1.4326649      8.68334100E-02
   1.4555874      8.65222439E-02
   1.4785104      8.61529037E-02
   1.5014329      8.57265145E-02
   1.5243554      8.52445289E-02
   1.5472779      8.47079977E-02
   1.5702009      8.41182768E-02
   1.5931234      8.34770128E-02
   1.6160460      8.27855244E-02
   1.6389685      8.20457488E-02
   1.6618915      8.12594667E-02
   1.6848140      8.04282799E-02
   1.7077365      7.95543492E-02
   1.7306590      7.86397681E-02
   1.7535820      7.76870698E-02
   1.7765045      7.66984597E-02
   1.7994270      7.56762549E-02
   1.8223495      7.46229142E-02
   1.8452725      7.35413954E-02
   1.8681951      7.24340901E-02
   1.8911176      7.13036731E-02
   1.9140406      7.01530352E-02
   1.9369631      6.89846873E-02
   1.9598856      6.78013414E-02
   1.9828081      6.66060299E-02
   2.0057311      6.54006079E-02
   2.0286536      6.41877055E-02
   2.0515761      6.29701912E-02
   2.0744987      6.17504194E-02
   2.0974216      6.05304241E-02
   2.1203442      5.93121834E-02
   2.1432667      5.80979139E-02
   2.1661892      5.68897277E-02
   2.1891122      5.56893013E-02
   2.2120347      5.44978604E-02
   2.2349572      5.33165969E-02
   2.2578797      5.21473065E-02
   2.2808027      5.09909764E-02
   2.3037252      4.98479269E-02
   2.3266478      4.87189218E-02
   2.3495703      4.76051755E-02
   2.3724933      4.65070307E-02
   2.3954158      4.54251692E-02
   2.4183383      4.43593673E-02
   2.4412608      4.33105230E-02
   2.4641838      4.22790423E-02
   2.4871063      4.12647836E-02
   2.5100288      4.02674861E-02
   2.5329514      3.92873399E-02
   2.5558743      3.83241959E-02
   2.5787969      3.73781919E-02
   2.6017194      3.64488512E-02
   2.6246419      3.55358794E-02
   2.6475649      3.46394666E-02
   2.6704874      3.37595791E-02
   2.6934099      3.28953303E-02
   2.7163324      3.20467092E-02
   2.7392554      3.12133003E-02
   2.7621779      3.03950310E-02
   2.7851005      2.95915492E-02
   2.8080230      2.88020633E-02
   2.8309460      2.80269124E-02
   2.8538685      2.72656884E-02
   2.8767910      2.65180618E-02
   2.8997135      2.57837363E-02
   2.9226365      2.50625368E-02
   2.9455590      2.43537482E-02
   2.9684815      2.36571468E-02
   2.9914041      2.29723603E-02
   3.0143270      2.22993623E-02
   3.0372496      2.16375999E-02
   3.0601721      2.09869333E-02
   3.0830946      2.03473009E-02
   3.1060176      1.97185036E-02
   3.1289401      1.91002563E-02
   3.1518626      1.84921306E-02
   3.1747851      1.78937688E-02
   3.1977081      1.73049252E-02
   3.2206306      1.67257171E-02
   3.2435532      1.61551144E-02
   3.2664757      1.55930733E-02
   3.2893987      1.50395120E-02
   3.3123212      1.44940475E-02
   3.3352437      1.39562432E-02
   3.3581667      1.34255532E-02
   3.3810892      1.29021928E-02
   3.4040117      1.23854913E-02
   3.4269342      1.18753687E-02
   3.4498572      1.13711813E-02
   3.4727798      1.08728455E-02
   3.4957023      1.03803780E-02
   3.5186248      9.89323389E-03
   3.5415478      9.41104908E-03
   3.5644703      8.93350225E-03
   3.5873928      8.46014917E-03
   3.6103153      7.99117237E-03
   3.6332383      7.52609875E-03
   3.6561608      7.06463167E-03
   3.6790833      6.60647033E-03
   3.7020059      6.15179958E-03
   3.7249289      5.70015656E-03
   3.7478514      5.25126047E-03
   3.7707739      4.80472250E-03
   3.7936964      4.36057476E-03
   3.8166194      3.91864171E-03
   3.8395419      3.47872335E-03
   3.8624644      3.04023270E-03
   3.8853869      2.60305149E-03
   3.9083099      2.16728379E-03
   3.9312325      1.73249887E-03
   3.9541550      1.29866309E-03
   3.9770775      8.65303387E-04
   4.0000000      4.32469795E-04
