  -4.0000000     -1.17923482E-03
  -3.9770772     -2.35842960E-03
  -3.9541547     -3.53720109E-03
  -3.9312320     -4.71533742E-03
  -3.9083095     -5.89269539E-03
  -3.8853867     -7.06915371E-03
  -3.8624642     -8.24442785E-03
  -3.8395414     -9.41836368E-03
  -3.8166189     -1.05908597E-02
  -3.7936962     -1.17615974E-02
  -3.7707736     -1.29304072E-02
  -3.7478509     -1.40971914E-02
  -3.7249284     -1.52616315E-02
  -3.7020056     -1.64236855E-02
  -3.6790831     -1.75830107E-02
  -3.6561604     -1.87395923E-02
  -3.6332378     -1.98930055E-02
  -3.6103151     -2.10433304E-02
  -3.5873926     -2.21902654E-02
  -3.5644698     -2.33335607E-02
  -3.5415473     -2.44731233E-02
  -3.5186245     -2.56085712E-02
  -3.4957020     -2.67400648E-02
  -3.4727793     -2.78670769E-02
  -3.4498568     -2.89896652E-02
  -3.4269340     -3.01075708E-02
  -3.4040115     -3.12203560E-02
  -3.3810887     -3.23283039E-02
  -3.3581662     -3.34310010E-02
  -3.3352435     -3.45281176E-02
  -3.3123209     -3.56195234E-02
  -3.2893982     -3.67054939E-02
  -3.2664757     -3.77851687E-02
  -3.2435529     -3.88587639E-02
  -3.2206304     -3.99261527E-02
  -3.1977077     -4.09869179E-02
  -3.1747851     -4.20410074E-02
  -3.1518624     -4.30881791E-02
  -3.1289399     -4.41280901E-02
  -3.1060171     -4.51607518E-02
  -3.0830946     -4.61858921E-02
  -3.0601718     -4.72035334E-02
  -3.0372493     -4.82129715E-02
  -3.0143266     -4.92145047E-02
  -2.9914041     -5.02075851E-02
  -2.9684813     -5.11920080E-02
  -2.9455585     -5.21676913E-02
  -2.9226360     -5.31344526E-02
  -2.8997135     -5.40918633E-02
  -2.8767908     -5.50398454E-02
  -2.8538680     -5.59781007E-02
  -2.8309455     -5.69063872E-02
  -2.8080230     -5.78244105E-02
  -2.7851002     -5.87319992E-02
  -2.7621775     -5.96284904E-02
  -2.7392550     -6.05138391E-02
  -2.7163324     -6.13875873E-02
  -2.6934097     -6.22494631E-02
  -2.6704869     -6.30987808E-02
  -2.6475644     -6.39352873E-02
  -2.6246419     -6.47582859E-02
  -2.6017191     -6.55674264E-02
  -2.5787964     -6.63619339E-02
  -2.5558739     -6.71414658E-02
  -2.5329514     -6.79053143E-02
  -2.5100286     -6.86523020E-02
  -2.4871058     -6.93819225E-02
  -2.4641833     -7.00934455E-02
  -2.4412608     -7.07858205E-02
  -2.4183381     -7.14576393E-02
  -2.3954153     -7.21077546E-02
  -2.3724928     -7.27353692E-02
  -2.3495703     -7.33387023E-02
  -2.3266475     -7.39162564E-02
  -2.3037248     -7.44667053E-02
  -2.2808022     -7.49882832E-02
  -2.2578797     -7.54788816E-02
  -2.2349570     -7.59366453E-02
  -2.2120342     -7.63595849E-02
  -2.1891117     -7.67455697E-02
  -2.1661892     -7.70916566E-02
  -2.1432664     -7.73956925E-02
  -2.1203437     -7.76551217E-02
  -2.0974212     -7.78670833E-02
  -2.0744987     -7.80291185E-02
  -2.0515759     -7.81381801E-02
  -2.0286531     -7.81913400E-02
  -2.0057306     -7.81859681E-02
  -1.9828079     -7.81193674E-02
  -1.9598854     -7.79882967E-02
  -1.9369626     -7.77903497E-02
  -1.9140401     -7.75228068E-02
  -1.8911173     -7.71835297E-02
  -1.8681948     -7.67701417E-02
  -1.8452721     -7.62802660E-02
  -1.8223495     -7.57120699E-02
  -1.7994268     -7.50635862E-02
  -1.7765043     -7.43339360E-02
  -1.7535815     -7.35211447E-02
  -1.7306590     -7.26241991E-02
  -1.7077363     -7.16425627E-02
  -1.6848137     -7.05760568E-02
  -1.6618910     -6.94237575E-02
  -1.6389685     -6.81862012E-02
  -1.6160457     -6.68631494E-02
  -1.5931232     -6.54553324E-02
  -1.5702004     -6.39633536E-02
  -1.5472779     -6.23885877E-02
  -1.5243552     -6.07320257E-02
  -1.5014327     -5.89950569E-02
  -1.4785099     -5.71795627E-02
  -1.4555874     -5.52873276E-02
  -1.4326646     -5.33205047E-02
  -1.4097421     -5.12811951E-02
  -1.3868194     -4.91718054E-02
  -1.3638968     -4.69947644E-02
  -1.3409741     -4.47530188E-02
  -1.3180516     -4.24492210E-02
  -1.2951288     -4.00863849E-02
  -1.2722063     -3.76677774E-02
  -1.2492836     -3.51963341E-02
  -1.2263610     -3.26756500E-02
  -1.2034383     -3.01093515E-02
  -1.1805158     -2.75005978E-02
  -1.1575930     -2.48532798E-02
  -1.1346705     -2.21708808E-02
  -1.1117477     -1.94573328E-02
  -1.0888252     -1.67164523E-02
  -1.0659025     -1.39517076E-02
  -1.0429797     -1.11671844E-02
  -1.0200572     -8.36692844E-03
 -0.99713445     -5.55467792E-03
 -0.97421193     -2.73440895E-03
 -0.95128918      8.96401616E-05
 -0.92836666      2.91367457E-03
 -0.90544391      5.73340850E-03
 -0.88252139      8.54469743E-03
 -0.85959864      1.13437669E-02
 -0.83667612      1.41269173E-02
 -0.81375337      1.68899614E-02
 -0.79083085      1.96284521E-02
 -0.76790810      2.23389920E-02
 -0.74498558      2.50180885E-02
 -0.72206283      2.76613701E-02
 -0.69914031      3.02649084E-02
 -0.67621756      3.28253508E-02
 -0.65329504      3.53390500E-02
 -0.63037229      3.78025174E-02
 -0.60744977      4.02117707E-02
 -0.58452702      4.25634459E-02
 -0.56160450      4.48543392E-02
 -0.53868175      4.70812023E-02
 -0.51575923      4.92405035E-02
 -0.49283648      5.13296053E-02
 -0.46991396      5.33451810E-02
 -0.44699121      5.52846976E-02
 -0.42406869      5.71454875E-02
 -0.40114594      5.89248203E-02
 -0.37822342      6.06197082E-02
 -0.35530066      6.22283816E-02
 -0.33237815      6.37481809E-02
 -0.30945539      6.51768893E-02
 -0.28653288      6.65122941E-02
 -0.26361012      6.77525997E-02
 -0.24068761      6.88963011E-02
 -0.21776485      6.99413791E-02
 -0.19484234      7.08862767E-02
 -0.17191958      7.17299879E-02
 -0.14899707      7.24711120E-02
 -0.12607431      7.31086656E-02
 -0.10315180      7.36412182E-02
 -8.02290440E-02  7.40684867E-02
 -5.73065281E-02  7.43897259E-02
 -3.43837738E-02  7.46044740E-02
 -1.14612579E-02  7.47124553E-02
  1.14612579E-02  7.47133568E-02
  3.43842506E-02  7.46075436E-02
  5.73067665E-02  7.43950978E-02
  8.02292824E-02  7.40764365E-02
  0.10315180      7.36520067E-02
  0.12607479      7.31219351E-02
  0.14899731      7.24872053E-02
  0.17191982      7.17492402E-02
  0.19484234      7.09085390E-02
  0.21776533      6.99663162E-02
  0.24068785      6.89239204E-02
  0.26361036      6.77832067E-02
  0.28653288      6.65455908E-02
  0.30945587      6.52131811E-02
  0.33237839      6.37872294E-02
  0.35530090      6.22700751E-02
  0.37822342      6.06639944E-02
  0.40114641      5.89711890E-02
  0.42406893      5.71940430E-02
  0.44699144      5.53351343E-02
  0.46991444      5.33970594E-02
  0.49283695      5.13828546E-02
  0.51575947      4.92952839E-02
  0.53868198      4.71368916E-02
  0.56160498      4.49114144E-02
  0.58452749      4.26218286E-02
  0.60745001      4.02713232E-02
  0.63037252      3.78633663E-02
  0.65329552      3.54012959E-02
  0.67621803      3.28888521E-02
  0.69914055      3.03295292E-02
  0.72206306      2.77267080E-02
  0.74498606      2.50842292E-02
  0.76790857      2.24063881E-02
  0.79083109      1.96963772E-02
  0.81375360      1.69582032E-02
  0.83667660      1.41961519E-02
  0.85959911      1.14138210E-02
  0.88252163      8.61532521E-03
  0.90544415      5.80474176E-03
  0.92836714      2.98576080E-03
  0.95128965      1.62785349E-04
  0.97421217     -2.65999720E-03
  0.99713469     -5.47904009E-03
   1.0200577     -8.29029270E-03
   1.0429802     -1.10899005E-02
   1.0659027     -1.38735427E-02
   1.0888252     -1.66373923E-02
   1.1117482     -1.93778630E-02
   1.1346707     -2.20911335E-02
   1.1575933     -2.47730687E-02
   1.1805158     -2.74199285E-02
   1.2034388     -3.00279725E-02
   1.2263613     -3.25942412E-02
   1.2492838     -3.51147987E-02
   1.2722063     -3.75862755E-02
   1.2951293     -4.00054231E-02
   1.3180518     -4.23689447E-02
   1.3409743     -4.46736738E-02
   1.3638968     -4.69169840E-02
   1.3868198     -4.90957089E-02
   1.4097424     -5.12067899E-02
   1.4326649     -5.32483347E-02
   1.4555874     -5.52176796E-02
   1.4785104     -5.71124963E-02
   1.5014329     -5.89306876E-02
   1.5243554     -6.06704801E-02
   1.5472779     -6.23300858E-02
   1.5702009     -6.39078766E-02
   1.5931234     -6.54027760E-02
   1.6160460     -6.68138713E-02
   1.6389685     -6.81400895E-02
   1.6618915     -6.93810508E-02
   1.6848140     -7.05364943E-02
   1.7077365     -7.16062486E-02
   1.7306590     -7.25906789E-02
   1.7535820     -7.34904408E-02
   1.7765045     -7.43059143E-02
   1.7994270     -7.50384703E-02
   1.8223495     -7.56892860E-02
   1.8452725     -7.62599483E-02
   1.8681951     -7.67518431E-02
   1.8911176     -7.71671608E-02
   1.9140406     -7.75083080E-02
   1.9369631     -7.77771622E-02
   1.9598856     -7.79762939E-02
   1.9828081     -7.81084448E-02
   2.0057311     -7.81763270E-02
   2.0286536     -7.81824961E-02
   2.0515761     -7.81301484E-02
   2.0744987     -7.80218095E-02
   2.0974216     -7.78604224E-02
   2.1203442     -7.76488557E-02
   2.1432667     -7.73898065E-02
   2.1661892     -7.70860761E-02
   2.1891122     -7.67401531E-02
   2.2120347     -7.63544366E-02
   2.2349572     -7.59313256E-02
   2.2578797     -7.54736587E-02
   2.2808027     -7.49832913E-02
   2.3037252     -7.44617656E-02
   2.3266478     -7.39112794E-02
   2.3495703     -7.33339489E-02
   2.3724933     -7.27312788E-02
   2.3954158     -7.21046776E-02
   2.4183383     -7.14551955E-02
   2.4412608     -7.07844421E-02
   2.4641838     -7.00938478E-02
   2.4871063     -6.93842322E-02
   2.5100288     -6.86558113E-02
   2.5329514     -6.79098517E-02
   2.5558743     -6.71474040E-02
   2.5787969     -6.63689226E-02
   2.6017194     -6.55747727E-02
   2.6246419     -6.47655204E-02
   2.6475649     -6.39421940E-02
   2.6704874     -6.31053373E-02
   2.6934099     -6.22553043E-02
   2.7163324     -6.13926537E-02
   2.7392554     -6.05182238E-02
   2.7621779     -5.96321709E-02
   2.7851005     -5.87347299E-02
   2.8080230     -5.78263961E-02
   2.8309460     -5.69077879E-02
   2.8538685     -5.59786744E-02
   2.8767910     -5.50394244E-02
   2.8997135     -5.40904067E-02
   2.9226365     -5.31322062E-02
   2.9455590     -5.21646813E-02
   2.9684815     -5.11880219E-02
   2.9914041     -5.02023771E-02
   3.0143270     -4.92086224E-02
   3.0372496     -4.82063070E-02
   3.0601721     -4.71962541E-02
   3.0830946     -4.61782068E-02
   3.1060176     -4.51523215E-02
   3.1289401     -4.41192314E-02
   3.1518626     -4.30788286E-02
   3.1747851     -4.20314372E-02
   3.1977081     -4.09767255E-02
   3.2206306     -3.99158821E-02
   3.2435532     -3.88483964E-02
   3.2664757     -3.77744138E-02
   3.2893987     -3.66947949E-02
   3.3123212     -3.56090218E-02
   3.3352437     -3.45177688E-02
   3.3581667     -3.34207229E-02
   3.3810892     -3.23185101E-02
   3.4040117     -3.12113911E-02
   3.4269342     -3.00993286E-02
   3.4498572     -2.89823748E-02
   3.4727798     -2.78608110E-02
   3.4957023     -2.67348941E-02
   3.5186248     -2.56048273E-02
   3.5415478     -2.44704280E-02
   3.5644703     -2.33320985E-02
   3.5873928     -2.21901610E-02
   3.6103153     -2.10447833E-02
   3.6332383     -1.98961850E-02
   3.6561608     -1.87442768E-02
   3.6790833     -1.75891928E-02
   3.7020059     -1.64312739E-02
   3.7249289     -1.52705461E-02
   3.7478514     -1.41070280E-02
   3.7707739     -1.29407365E-02
   3.7936964     -1.17717227E-02
   3.8166194     -1.06004858E-02
   3.8395419     -9.42737050E-03
   3.8624644     -8.25237855E-03
   3.8853869     -7.07578426E-03
   3.9083099     -5.89804631E-03
   3.9312325     -4.71934024E-03
   3.9541550     -3.54015012E-03
   3.9770775     -2.36042729E-03
   4.0000000     -1.18029746E-03
