  -4.0000000      2.26455182E-03
  -3.9770772      4.52724006E-03
  -3.9541547      6.78660348E-03
  -3.9312320      9.04051308E-03
  -3.9083095      1.12875542E-02
  -3.8853867      1.35258101E-02
  -3.8624642      1.57535784E-02
  -3.8395414      1.79690756E-02
  -3.8166189      2.01707035E-02
  -3.7936962      2.23567951E-02
  -3.7707736      2.45255325E-02
  -3.7478509      2.66749840E-02
  -3.7249284      2.88039539E-02
  -3.7020056      3.09108421E-02
  -3.6790831      3.29934061E-02
  -3.6561604      3.50505635E-02
  -3.6332378      3.70805040E-02
  -3.6103151      3.90817933E-02
  -3.5873926      4.10528444E-02
  -3.5644698      4.29920070E-02
  -3.5415473      4.48977612E-02
  -3.5186245      4.67687137E-02
  -3.4957020      4.86034788E-02
  -3.4727793      5.04005291E-02
  -3.4498568      5.21583967E-02
  -3.4269340      5.38758561E-02
  -3.4040115      5.55515140E-02
  -3.3810887      5.71840703E-02
  -3.3581662      5.87721877E-02
  -3.3352435      6.03146888E-02
  -3.3123209      6.18103966E-02
  -3.2893982      6.32581040E-02
  -3.2664757      6.46567345E-02
  -3.2435529      6.60050437E-02
  -3.2206304      6.73023686E-02
  -3.1977077      6.85473382E-02
  -3.1747851      6.97389320E-02
  -3.1518624      7.08763450E-02
  -3.1289399      7.19583780E-02
  -3.1060171      7.29844123E-02
  -3.0830946      7.39536062E-02
  -3.0601718      7.48651549E-02
  -3.0372493      7.57180676E-02
  -3.0143266      7.65118673E-02
  -2.9914041      7.72458464E-02
  -2.9684813      7.79189691E-02
  -2.9455585      7.85309970E-02
  -2.9226360      7.90812671E-02
  -2.8997135      7.95693323E-02
  -2.8767908      7.99946785E-02
  -2.8538680      8.03567544E-02
  -2.8309455      8.06552917E-02
  -2.8080230      8.08898136E-02
  -2.7851002      8.10598433E-02
  -2.7621775      8.11650977E-02
  -2.7392550      8.12053010E-02
  -2.7163324      8.11800286E-02
  -2.6934097      8.10892805E-02
  -2.6704869      8.09326991E-02
  -2.6475644      8.07096288E-02
  -2.6246419      8.04200098E-02
  -2.6017191      8.00640061E-02
  -2.5787964      7.96412081E-02
  -2.5558739      7.91512057E-02
  -2.5329514      7.85940960E-02
  -2.5100286      7.79694840E-02
  -2.4871058      7.72774667E-02
  -2.4641833      7.65176192E-02
  -2.4412608      7.56898373E-02
  -2.4183381      7.47936442E-02
  -2.3954153      7.38290474E-02
  -2.3724928      7.27959126E-02
  -2.3495703      7.16938227E-02
  -2.3266475      7.05225766E-02
  -2.3037248      6.92823231E-02
  -2.2808022      6.79724589E-02
  -2.2578797      6.65928796E-02
  -2.2349570      6.51435927E-02
  -2.2120342      6.36245236E-02
  -2.1891117      6.20355345E-02
  -2.1661892      6.03761598E-02
  -2.1432664      5.86467534E-02
  -2.1203437      5.68477288E-02
  -2.0974212      5.49791269E-02
  -2.0744987      5.30413575E-02
  -2.0515759      5.10349907E-02
  -2.0286531      4.89609428E-02
  -2.0057306      4.68203798E-02
  -1.9828079      4.46141586E-02
  -1.9598854      4.23438214E-02
  -1.9369626      4.00109813E-02
  -1.9140401      3.76179814E-02
  -1.8911173      3.51672433E-02
  -1.8681948      3.26610841E-02
  -1.8452721      3.01022418E-02
  -1.8223495      2.74942238E-02
  -1.7994268      2.48402655E-02
  -1.7765043      2.21441705E-02
  -1.7535815      1.94096137E-02
  -1.7306590      1.66410077E-02
  -1.7077363      1.38428351E-02
  -1.6848137      1.10197952E-02
  -1.6618910      8.17678217E-03
  -1.6389685      5.31855412E-03
  -1.6160457      2.45044939E-03
  -1.5931232     -4.22375771E-04
  -1.5702004     -3.29451147E-03
  -1.5472779     -6.16039848E-03
  -1.5243552     -9.01460368E-03
  -1.5014327     -1.18513945E-02
  -1.4785099     -1.46652721E-02
  -1.4555874     -1.74504351E-02
  -1.4326646     -2.02010702E-02
  -1.4097421     -2.29118429E-02
  -1.3868194     -2.55773012E-02
  -1.3638968     -2.81920042E-02
  -1.3409741     -3.07503827E-02
  -1.3180516     -3.32473479E-02
  -1.2951288     -3.56778465E-02
  -1.2722063     -3.80368084E-02
  -1.2492836     -4.03194651E-02
  -1.2263610     -4.25209031E-02
  -1.2034383     -4.46365997E-02
  -1.1805158     -4.66620401E-02
  -1.1575930     -4.85933051E-02
  -1.1346705     -5.04263304E-02
  -1.1117477     -5.21569438E-02
  -1.0888252     -5.37817217E-02
  -1.0659025     -5.52973039E-02
  -1.0429797     -5.67006655E-02
  -1.0200572     -5.79887964E-02
 -0.99713445     -5.91588914E-02
 -0.97421193     -6.02087341E-02
 -0.95128918     -6.11361153E-02
 -0.92836666     -6.19387552E-02
 -0.90544391     -6.26152009E-02
 -0.88252139     -6.31638765E-02
 -0.85959864     -6.35836348E-02
 -0.83667612     -6.38739243E-02
 -0.81375337     -6.40339106E-02
 -0.79083085     -6.40633553E-02
 -0.76790810     -6.39620423E-02
 -0.74498558     -6.37304038E-02
 -0.72206283     -6.33689910E-02
 -0.69914031     -6.28783330E-02
 -0.67621756     -6.22594617E-02
 -0.65329504     -6.15134127E-02
 -0.63037229     -6.06420934E-02
 -0.60744977     -5.96472286E-02
 -0.58452702     -5.85304946E-02
 -0.56160450     -5.72937764E-02
 -0.53868175     -5.59403971E-02
 -0.51575923     -5.44730052E-02
 -0.49283648     -5.28942384E-02
 -0.46991396     -5.12075350E-02
 -0.44699121     -4.94166538E-02
 -0.42406869     -4.75247689E-02
 -0.40114594     -4.55362797E-02
 -0.37822342     -4.34550494E-02
 -0.35530066     -4.12849300E-02
 -0.33237815     -3.90304253E-02
 -0.30945539     -3.66962999E-02
 -0.28653288     -3.42872739E-02
 -0.26361012     -3.18082348E-02
 -0.24068761     -2.92640161E-02
 -0.21776485     -2.66600624E-02
 -0.19484234     -2.40017213E-02
 -0.17191958     -2.12943647E-02
 -0.14899707     -1.85433012E-02
 -0.12607431     -1.57542080E-02
 -0.10315180     -1.29328240E-02
 -8.02290440E-02 -1.00847632E-02
 -5.73065281E-02 -7.21562374E-03
 -3.43837738E-02 -4.33183461E-03
 -1.14612579E-02 -1.43907429E-03
  1.14612579E-02  1.45669468E-03
  3.43842506E-02  4.34943847E-03
  5.73067665E-02  7.23342830E-03
  8.02292824E-02  1.01024611E-02
  0.10315180      1.29508013E-02
  0.12607479      1.57727655E-02
  0.14899731      1.85628552E-02
  0.17191982      2.13152263E-02
  0.19484234      2.40239296E-02
  0.21776533      2.66835839E-02
  0.24068785      2.92890705E-02
  0.26361036      3.18348110E-02
  0.28653288      3.43152434E-02
  0.30945587      3.67257893E-02
  0.33237839      3.90610173E-02
  0.35530090      4.13165092E-02
  0.37822342      4.34879437E-02
  0.40114641      4.55702543E-02
  0.42406893      4.75594476E-02
  0.44699144      4.94516715E-02
  0.46991444      5.12430333E-02
  0.49283695      5.29296733E-02
  0.51575947      5.45083843E-02
  0.53868198      5.59755564E-02
  0.56160498      5.73286638E-02
  0.58452749      5.85648417E-02
  0.60745001      5.96813336E-02
  0.63037252      6.06755316E-02
  0.65329552      6.15460798E-02
  0.67621803      6.22911230E-02
  0.69914055      6.29090667E-02
  0.72206306      6.33983985E-02
  0.74498606      6.37582392E-02
  0.76790857      6.39884844E-02
  0.79083109      6.40882924E-02
  0.81375360      6.40572980E-02
  0.83667660      6.38962686E-02
  0.85959911      6.36046678E-02
  0.88252163      6.31839707E-02
  0.90544415      6.26346394E-02
  0.92836714      6.19576685E-02
  0.95128965      6.11545146E-02
  0.97421217      6.02269843E-02
  0.99713469      5.91770969E-02
   1.0200577      5.80069199E-02
   1.0429802      5.67184873E-02
   1.0659027      5.53149059E-02
   1.0888252      5.37991412E-02
   1.1117482      5.21740690E-02
   1.1346707      5.04428856E-02
   1.1575933      4.86097112E-02
   1.1805158      4.66777720E-02
   1.2034388      4.46518883E-02
   1.2263613      4.25357223E-02
   1.2492838      4.03338484E-02
   1.2722063      3.80505919E-02
   1.2951293      3.56909893E-02
   1.3180518      3.32602598E-02
   1.3409743      3.07628158E-02
   1.3638968      2.82038730E-02
   1.3868198      2.55890675E-02
   1.4097424      2.29236223E-02
   1.4326649      2.02128328E-02
   1.4555874      1.74622219E-02
   1.4785104      1.46775078E-02
   1.5014329      1.18643017E-02
   1.5243554      9.02804360E-03
   1.5472779      6.17446890E-03
   1.5702009      3.30926338E-03
   1.5931234      4.37888957E-04
   1.6160460     -2.43443693E-03
   1.6389685     -5.30181453E-03
   1.6618915     -8.15934781E-03
   1.6848140     -1.10016912E-02
   1.7077365     -1.38239320E-02
   1.7306590     -1.66212060E-02
   1.7535820     -1.93890799E-02
   1.7765045     -2.21226458E-02
   1.7994270     -2.48179659E-02
   1.8223495     -2.74711717E-02
   1.8452725     -3.00781485E-02
   1.8681951     -3.26359384E-02
   1.8911176     -3.51411216E-02
   1.9140406     -3.75910476E-02
   1.9369631     -3.99829820E-02
   1.9598856     -4.23143432E-02
   1.9828081     -4.45836857E-02
   2.0057311     -4.67889234E-02
   2.0286536     -4.89285663E-02
   2.0515761     -5.10015488E-02
   2.0744987     -5.30068427E-02
   2.0974216     -5.49439192E-02
   2.1203442     -5.68121187E-02
   2.1432667     -5.86108565E-02
   2.1661892     -6.03396930E-02
   2.1891122     -6.19987659E-02
   2.2120347     -6.35876358E-02
   2.2349572     -6.51064590E-02
   2.2578797     -6.65553659E-02
   2.2808027     -6.79345727E-02
   2.3037252     -6.92440048E-02
   2.3266478     -7.04840198E-02
   2.3495703     -7.16548637E-02
   2.3724933     -7.27566630E-02
   2.3954158     -7.37896711E-02
   2.4183383     -7.47538731E-02
   2.4412608     -7.56498575E-02
   2.4641838     -7.64774382E-02
   2.4871063     -7.72370547E-02
   2.5100288     -7.79288039E-02
   2.5329514     -7.85530582E-02
   2.5558743     -7.91100413E-02
   2.5787969     -7.95997754E-02
   2.6017194     -8.00223500E-02
   2.6246419     -8.03781301E-02
   2.6475649     -8.06675628E-02
   2.6704874     -8.08902085E-02
   2.6934099     -8.10462609E-02
   2.7163324     -8.11359733E-02
   2.7392554     -8.11603367E-02
   2.7621779     -8.11190829E-02
   2.7851005     -8.10122862E-02
   2.8080230     -8.08407366E-02
   2.8309460     -8.06052312E-02
   2.8538685     -8.03057402E-02
   2.8767910     -7.99426436E-02
   2.8997135     -7.95166418E-02
   2.9226365     -7.90278092E-02
   2.9455590     -7.84769952E-02
   2.9684815     -7.78645799E-02
   2.9914041     -7.71910250E-02
   3.0143270     -7.64572471E-02
   3.0372496     -7.56635815E-02
   3.0601721     -7.48112649E-02
   3.0830946     -7.39005506E-02
   3.1060176     -7.29322806E-02
   3.1289401     -7.19072670E-02
   3.1518626     -7.08260611E-02
   3.1747851     -6.96897432E-02
   3.1977081     -6.84989169E-02
   3.2206306     -6.72550872E-02
   3.2435532     -6.59587011E-02
   3.2664757     -6.46107122E-02
   3.2893987     -6.32128641E-02
   3.3123212     -6.17657602E-02
   3.3352437     -6.02708794E-02
   3.3581667     -5.87289259E-02
   3.3810892     -5.71415238E-02
   3.4040117     -5.55096082E-02
   3.4269342     -5.38349524E-02
   3.4498572     -5.21184206E-02
   3.4727798     -5.03615327E-02
   3.4957023     -4.85655218E-02
   3.5186248     -4.67321314E-02
   3.5415478     -4.48625907E-02
   3.5644703     -4.29586396E-02
   3.5873928     -4.10215296E-02
   3.6103153     -3.90527733E-02
   3.6332383     -3.70540321E-02
   3.6561608     -3.50265205E-02
   3.6790833     -3.29717584E-02
   3.7020059     -3.08911763E-02
   3.7249289     -2.87862364E-02
   3.7478514     -2.66590025E-02
   3.7707739     -2.45110616E-02
   3.7936964     -2.23439094E-02
   3.8166194     -2.01591440E-02
   3.8395419     -1.79587994E-02
   3.8624644     -1.57446600E-02
   3.8853869     -1.35181639E-02
   3.9083099     -1.12811346E-02
   3.9312325     -9.03528370E-03
   3.9541550     -6.78267190E-03
   3.9770775     -4.52470267E-03
   4.0000000     -2.26323912E-03
