  -4.0000000      1.30367422E-04
  -3.9770772      2.60882080E-04
  -3.9541547      3.91717622E-04
  -3.9312320      5.22968126E-04
  -3.9083095      6.54696021E-04
  -3.8853867      7.87117053E-04
  -3.8624642      9.20559920E-04
  -3.8395414      1.05474587E-03
  -3.8166189      1.19009544E-03
  -3.7936962      1.32682815E-03
  -3.7707736      1.46482803E-03
  -3.7478509      1.60458323E-03
  -3.7249284      1.74595113E-03
  -3.7020056      1.88894954E-03
  -3.6790831      2.03425321E-03
  -3.6561604      2.18166993E-03
  -3.6332378      2.33129552E-03
  -3.6103151      2.48339842E-03
  -3.5873926      2.63821543E-03
  -3.5644698      2.79570301E-03
  -3.5415473      2.95636593E-03
  -3.5186245      3.12009151E-03
  -3.4957020      3.28703108E-03
  -3.4727793      3.45742749E-03
  -3.4498568      3.63170658E-03
  -3.4269340      3.80974566E-03
  -3.4040115      3.99179012E-03
  -3.3810887      4.17802669E-03
  -3.3581662      4.36880440E-03
  -3.3352435      4.56415396E-03
  -3.3123209      4.76439344E-03
  -3.2893982      4.96960944E-03
  -3.2664757      5.18017681E-03
  -3.2435529      5.39617194E-03
  -3.2206304      5.61778713E-03
  -3.1977077      5.84554765E-03
  -3.1747851      6.07949309E-03
  -3.1518624      6.31985534E-03
  -3.1289399      6.56680437E-03
  -3.1060171      6.82068057E-03
  -3.0830946      7.08195195E-03
  -3.0601718      7.35056726E-03
  -3.0372493      7.62694515E-03
  -3.0143266      7.91147817E-03
  -2.9914041      8.20414349E-03
  -2.9684813      8.50559212E-03
  -2.9455585      8.81605688E-03
  -2.9226360      9.13564395E-03
  -2.8997135      9.46489163E-03
  -2.8767908      9.80400387E-03
  -2.8538680      1.01535078E-02
  -2.8309455      1.05133560E-02
  -2.8080230      1.08844554E-02
  -2.7851002      1.12668071E-02
  -2.7621775      1.16607845E-02
  -2.7392550      1.20668802E-02
  -2.7163324      1.24854157E-02
  -2.6934097      1.29167261E-02
  -2.6704869      1.33614941E-02
  -2.6475644      1.38196666E-02
  -2.6246419      1.42917763E-02
  -2.6017191      1.47785479E-02
  -2.5787964      1.52800838E-02
  -2.5558739      1.57966390E-02
  -2.5329514      1.63289588E-02
  -2.5100286      1.68772303E-02
  -2.4871058      1.74419340E-02
  -2.4641833      1.80233661E-02
  -2.4412608      1.86218303E-02
  -2.4183381      1.92376785E-02
  -2.3954153      1.98714957E-02
  -2.3724928      2.05232482E-02
  -2.3495703      2.11931653E-02
  -2.3266475      2.18815804E-02
  -2.3037248      2.25889906E-02
  -2.2808022      2.33151540E-02
  -2.2578797      2.40600705E-02
  -2.2349570      2.48240512E-02
  -2.2120342      2.56070606E-02
  -2.1891117      2.64089908E-02
  -2.1661892      2.72294972E-02
  -2.1432664      2.80684158E-02
  -2.1203437      2.89255101E-02
  -2.0974212      2.98004784E-02
  -2.0744987      3.06926686E-02
  -2.0515759      3.16014625E-02
  -2.0286531      3.25264372E-02
  -2.0057306      3.34669054E-02
  -1.9828079      3.44220400E-02
  -1.9598854      3.53908129E-02
  -1.9369626      3.63726057E-02
  -1.9140401      3.73665020E-02
  -1.8911173      3.83715332E-02
  -1.8681948      3.93862948E-02
  -1.8452721      4.04102132E-02
  -1.8223495      4.14421335E-02
  -1.7994268      4.24809270E-02
  -1.7765043      4.35253121E-02
  -1.7535815      4.45744097E-02
  -1.7306590      4.56273220E-02
  -1.7077363      4.66826409E-02
  -1.6848137      4.77396250E-02
  -1.6618910      4.87970524E-02
  -1.6389685      4.98541296E-02
  -1.6160457      5.09099402E-02
  -1.5931232      5.19634038E-02
  -1.5702004      5.30138500E-02
  -1.5472779      5.40602915E-02
  -1.5243552      5.51022068E-02
  -1.5014327      5.61387725E-02
  -1.4785099      5.71690910E-02
  -1.4555874      5.81925772E-02
  -1.4326646      5.92088178E-02
  -1.4097421      6.02169596E-02
  -1.3868194      6.12164512E-02
  -1.3638968      6.22066595E-02
  -1.3409741      6.31872565E-02
  -1.3180516      6.41577840E-02
  -1.2951288      6.51174560E-02
  -1.2722063      6.60662279E-02
  -1.2492836      6.70035258E-02
  -1.2263610      6.79289922E-02
  -1.2034383      6.88423812E-02
  -1.1805158      6.97432607E-02
  -1.1575930      7.06313327E-02
  -1.1346705      7.15060681E-02
  -1.1117477      7.23676682E-02
  -1.0888252      7.32153282E-02
  -1.0659025      7.40485787E-02
  -1.0429797      7.48675987E-02
  -1.0200572      7.56721720E-02
 -0.99713445      7.64616132E-02
 -0.97421193      7.72359446E-02
 -0.95128918      7.79947191E-02
 -0.92836666      7.87381083E-02
 -0.90544391      7.94659406E-02
 -0.88252139      8.01777691E-02
 -0.85959864      8.08732137E-02
 -0.83667612      8.15523416E-02
 -0.81375337      8.22152868E-02
 -0.79083085      8.28614086E-02
 -0.76790810      8.34908783E-02
 -0.74498558      8.41031745E-02
 -0.72206283      8.46986622E-02
 -0.69914031      8.52770358E-02
 -0.67621756      8.58379155E-02
 -0.65329504      8.63811225E-02
 -0.63037229      8.69068205E-02
 -0.60744977      8.74152258E-02
 -0.58452702      8.79054815E-02
 -0.56160450      8.83775279E-02
 -0.53868175      8.88319463E-02
 -0.51575923      8.92682746E-02
 -0.49283648      8.96866471E-02
 -0.46991396      9.00866017E-02
 -0.44699121      9.04685706E-02
 -0.42406869      9.08321738E-02
 -0.40114594      9.11770836E-02
 -0.37822342      9.15033668E-02
 -0.35530066      9.18108821E-02
 -0.33237815      9.20991451E-02
 -0.30945539      9.23685282E-02
 -0.28653288      9.26189199E-02
 -0.26361012      9.28501412E-02
 -0.24068761      9.30619091E-02
 -0.21776485      9.32543725E-02
 -0.19484234      9.34278294E-02
 -0.17191958      9.35820043E-02
 -0.14899707      9.37163308E-02
 -0.12607431      9.38312858E-02
 -0.10315180      9.39267948E-02
 -8.02290440E-02  9.40031111E-02
 -5.73065281E-02  9.40595120E-02
 -3.43837738E-02  9.40963775E-02
 -1.14612579E-02  9.41140130E-02
  1.14612579E-02  9.41122025E-02
  3.43842506E-02  9.40907001E-02
  5.73067665E-02  9.40492898E-02
  8.02292824E-02  9.39892158E-02
  0.10315180      9.39095095E-02
  0.12607479      9.38102677E-02
  0.14899731      9.36914310E-02
  0.17191982      9.35537964E-02
  0.19484234      9.33966413E-02
  0.21776533      9.32203755E-02
  0.24068785      9.30247307E-02
  0.26361036      9.28101689E-02
  0.28653288      9.25766081E-02
  0.30945587      9.23241004E-02
  0.33237839      9.20521021E-02
  0.35530090      9.17612314E-02
  0.37822342      9.14516002E-02
  0.40114641      9.11227167E-02
  0.42406893      9.07750428E-02
  0.44699144      9.04087126E-02
  0.46991444      9.00243223E-02
  0.49283695      8.96212682E-02
  0.51575947      8.91998783E-02
  0.53868198      8.87600332E-02
  0.56160498      8.83021727E-02
  0.58452749      8.78262669E-02
  0.60745001      8.73323828E-02
  0.63037252      8.68203267E-02
  0.65329552      8.62909704E-02
  0.67621803      8.57443288E-02
  0.69914055      8.51804018E-02
  0.72206306      8.45992193E-02
  0.74498606      8.40010196E-02
  0.76790857      8.33857954E-02
  0.79083109      8.27542022E-02
  0.81375360      8.21060091E-02
  0.83667660      8.14412162E-02
  0.85959911      8.07600021E-02
  0.88252163      8.00631195E-02
  0.90544415      7.93501884E-02
  0.92836714      7.86213651E-02
  0.95128965      7.78770447E-02
  0.97421217      7.71173388E-02
  0.99713469      7.63424113E-02
   1.0200577      7.55525082E-02
   1.0429802      7.47477487E-02
   1.0659027      7.39283264E-02
   1.0888252      7.30946884E-02
   1.1117482      7.22469315E-02
   1.1346707      7.13857338E-02
   1.1575933      7.05115125E-02
   1.1805158      6.96240589E-02
   1.2034388      6.87237382E-02
   1.2263613      6.78111389E-02
   1.2492838      6.68864399E-02
   1.2722063      6.59497455E-02
   1.2951293      6.50017858E-02
   1.3180518      6.40428215E-02
   1.3409743      6.30732626E-02
   1.3638968      6.20939508E-02
   1.3868198      6.11049905E-02
   1.4097424      6.01068139E-02
   1.4326649      5.91000654E-02
   1.4555874      5.80854975E-02
   1.4785104      5.70635647E-02
   1.5014329      5.60347401E-02
   1.5243554      5.49998321E-02
   1.5472779      5.39597347E-02
   1.5702009      5.29151931E-02
   1.5931234      5.18668815E-02
   1.6160460      5.08153774E-02
   1.6389685      4.97615971E-02
   1.6618915      4.87070121E-02
   1.6848140      4.76521850E-02
   1.7077365      4.65982929E-02
   1.7306590      4.55460176E-02
   1.7535820      4.44968604E-02
   1.7765045      4.34518643E-02
   1.7994270      4.24116701E-02
   1.8223495      4.13772501E-02
   1.8452725      4.03496213E-02
   1.8681951      3.93300168E-02
   1.8911176      3.83192264E-02
   1.9140406      3.73184904E-02
   1.9369631      3.63282375E-02
   1.9598856      3.53498794E-02
   1.9828081      3.43843177E-02
   2.0057311      3.34323458E-02
   2.0286536      3.24947052E-02
   2.0515761      3.15722972E-02
   2.0744987      3.06659490E-02
   2.0974216      2.97759697E-02
   2.1203442      2.89029907E-02
   2.1432667      2.80474629E-02
   2.1661892      2.72098444E-02
   2.1891122      2.63907462E-02
   2.2120347      2.55900193E-02
   2.2349572      2.48078853E-02
   2.2578797      2.40448695E-02
   2.2808027      2.33009309E-02
   2.3037252      2.25758739E-02
   2.3266478      2.18693241E-02
   2.3495703      2.11815350E-02
   2.3724933      2.05122530E-02
   2.3954158      1.98612940E-02
   2.4183383      1.92278530E-02
   2.4412608      1.86118484E-02
   2.4641838      1.80132836E-02
   2.4871063      1.74317658E-02
   2.5100288      1.68669336E-02
   2.5329514      1.63182970E-02
   2.5558743      1.57857779E-02
   2.5787969      1.52691137E-02
   2.6017194      1.47681795E-02
   2.6246419      1.42822163E-02
   2.6475649      1.38109308E-02
   2.6704874      1.33540677E-02
   2.6934099      1.29106361E-02
   2.7163324      1.24805365E-02
   2.7392554      1.20629845E-02
   2.7621779      1.16576711E-02
   2.7851005      1.12640969E-02
   2.8080230      1.08814780E-02
   2.8309460      1.05100526E-02
   2.8538685      1.01495357E-02
   2.8767910      9.79929138E-03
   2.8997135      9.45892278E-03
   2.9226365      9.12817568E-03
   2.9455590      8.80672317E-03
   2.9684815      8.49459693E-03
   2.9914041      8.19128565E-03
   3.0143270      7.89645407E-03
   3.0372496      7.60990987E-03
   3.0601721      7.33180251E-03
   3.0830946      7.06172409E-03
   3.1060176      6.79977657E-03
   3.1289401      6.54516369E-03
   3.1518626      6.29782071E-03
   3.1747851      6.05772715E-03
   3.1977081      5.82444016E-03
   3.2206306      5.59759373E-03
   3.2435532      5.37661929E-03
   3.2664757      5.16155874E-03
   3.2893987      4.95236460E-03
   3.3123212      4.74885013E-03
   3.3352437      4.55021765E-03
   3.3581667      4.35619056E-03
   3.3810892      4.16690344E-03
   3.4040117      3.98200890E-03
   3.4269342      3.80153349E-03
   3.4498572      3.62469046E-03
   3.4727798      3.45159229E-03
   3.4957023      3.28248343E-03
   3.5186248      3.11695784E-03
   3.5415478      2.95481109E-03
   3.5644703      2.79555423E-03
   3.5873928      2.63909833E-03
   3.6103153      2.48575793E-03
   3.6332383      2.33488390E-03
   3.6561608      2.18615984E-03
   3.6790833      2.03916617E-03
   3.7020059      1.89420220E-03
   3.7249289      1.75112591E-03
   3.7478514      1.60958117E-03
   3.7707739      1.46943168E-03
   3.7936964      1.33036869E-03
   3.8166194      1.19284610E-03
   3.8395419      1.05679373E-03
   3.8624644      9.21768718E-04
   3.8853869      7.87820842E-04
   3.9083099      6.54832169E-04
   3.9312325      5.22767077E-04
   3.9541550      3.91506299E-04
   3.9770775      2.60779983E-04
   4.0000000      1.30326604E-04
