  -4.0000000      6.74288487E-04
  -3.9770772      1.34847162E-03
  -3.9541547      2.02255370E-03
  -3.9312320      2.69641983E-03
  -3.9083095      3.37016396E-03
  -3.8853867      4.04364476E-03
  -3.8624642      4.71669622E-03
  -3.8395414      5.38945477E-03
  -3.8166189      6.06181379E-03
  -3.7936962      6.73357863E-03
  -3.7707736      7.40488479E-03
  -3.7478509      8.07557162E-03
  -3.7249284      8.74565821E-03
  -3.7020056      9.41500906E-03
  -3.6790831      1.00835823E-02
  -3.6561604      1.07514597E-02
  -3.6332378      1.14183780E-02
  -3.6103151      1.20843817E-02
  -3.5873926      1.27497660E-02
  -3.5644698      1.34138400E-02
  -3.5415473      1.40767340E-02
  -3.5186245      1.47387404E-02
  -3.4957020      1.53995659E-02
  -3.4727793      1.60590988E-02
  -3.4498568      1.67172849E-02
  -3.4269340      1.73742585E-02
  -3.4040115      1.80298183E-02
  -3.3810887      1.86840072E-02
  -3.3581662      1.93366315E-02
  -3.3352435      1.99876521E-02
  -3.3123209      2.06371974E-02
  -3.2893982      2.12851875E-02
  -3.2664757      2.19313595E-02
  -3.2435529      2.25759298E-02
  -3.2206304      2.32185367E-02
  -3.1977077      2.38594748E-02
  -3.1747851      2.44986080E-02
  -3.1518624      2.51356997E-02
  -3.1289399      2.57708728E-02
  -3.1060171      2.64038835E-02
  -3.0830946      2.70348527E-02
  -3.0601718      2.76637785E-02
  -3.0372493      2.82904953E-02
  -3.0143266      2.89149433E-02
  -2.9914041      2.95368992E-02
  -2.9684813      3.01567651E-02
  -2.9455585      3.07741854E-02
  -2.9226360      3.13890763E-02
  -2.8997135      3.20014916E-02
  -2.8767908      3.26114856E-02
  -2.8538680      3.32188606E-02
  -2.8309455      3.38236056E-02
  -2.8080230      3.44257466E-02
  -2.7851002      3.50252390E-02
  -2.7621775      3.56217548E-02
  -2.7392550      3.62153687E-02
  -2.7163324      3.68064009E-02
  -2.6934097      3.73943746E-02
  -2.6704869      3.79793495E-02
  -2.6475644      3.85612771E-02
  -2.6246419      3.91403735E-02
  -2.6017191      3.97161320E-02
  -2.5787964      4.02888358E-02
  -2.5558739      4.08582836E-02
  -2.5329514      4.14245650E-02
  -2.5100286      4.19873446E-02
  -2.4871058      4.25468609E-02
  -2.4641833      4.31031361E-02
  -2.4412608      4.36558947E-02
  -2.4183381      4.42052484E-02
  -2.3954153      4.47508916E-02
  -2.3724928      4.52931821E-02
  -2.3495703      4.58318368E-02
  -2.3266475      4.63667177E-02
  -2.3037248      4.68979999E-02
  -2.2808022      4.74255309E-02
  -2.2578797      4.79490161E-02
  -2.2349570      4.84689437E-02
  -2.2120342      4.89846244E-02
  -2.1891117      4.94965762E-02
  -2.1661892      5.00045940E-02
  -2.1432664      5.05083390E-02
  -2.1203437      5.10077402E-02
  -2.0974212      5.15033044E-02
  -2.0744987      5.19947261E-02
  -2.0515759      5.24816960E-02
  -2.0286531      5.29645681E-02
  -2.0057306      5.34431487E-02
  -1.9828079      5.39175272E-02
  -1.9598854      5.43876812E-02
  -1.9369626      5.48534058E-02
  -1.9140401      5.53147495E-02
  -1.8911173      5.57718612E-02
  -1.8681948      5.62242866E-02
  -1.8452721      5.66722825E-02
  -1.8223495      5.71158156E-02
  -1.7994268      5.75550273E-02
  -1.7765043      5.79894036E-02
  -1.7535815      5.84192798E-02
  -1.7306590      5.88447601E-02
  -1.7077363      5.92654981E-02
  -1.6848137      5.96816316E-02
  -1.6618910      6.00930080E-02
  -1.6389685      6.04996011E-02
  -1.6160457      6.09012544E-02
  -1.5931232      6.12981319E-02
  -1.5702004      6.16902485E-02
  -1.5472779      6.20772019E-02
  -1.5243552      6.24591596E-02
  -1.5014327      6.28363192E-02
  -1.4785099      6.32084385E-02
  -1.4555874      6.35752156E-02
  -1.4326646      6.39368147E-02
  -1.4097421      6.42933324E-02
  -1.3868194      6.46446720E-02
  -1.3638968      6.49906918E-02
  -1.3409741      6.53314516E-02
  -1.3180516      6.56669438E-02
  -1.2951288      6.59969598E-02
  -1.2722063      6.63220361E-02
  -1.2492836      6.66415244E-02
  -1.2263610      6.69554323E-02
  -1.2034383      6.72639087E-02
  -1.1805158      6.75671250E-02
  -1.1575930      6.78649545E-02
  -1.1346705      6.81569576E-02
  -1.1117477      6.84433803E-02
  -1.0888252      6.87246695E-02
  -1.0659025      6.90006390E-02
  -1.0429797      6.92705810E-02
  -1.0200572      6.95352480E-02
 -0.99713445      6.97944611E-02
 -0.97421193      7.00484514E-02
 -0.95128918      7.02964440E-02
 -0.92836666      7.05386400E-02
 -0.90544391      7.07754791E-02
 -0.88252139      7.10066259E-02
 -0.85959864      7.12321326E-02
 -0.83667612      7.14517757E-02
 -0.81375337      7.16657192E-02
 -0.79083085      7.18741640E-02
 -0.76790810      7.20770061E-02
 -0.74498558      7.22739249E-02
 -0.72206283      7.24648386E-02
 -0.69914031      7.26502091E-02
 -0.67621756      7.28300810E-02
 -0.65329504      7.30042011E-02
 -0.63037229      7.31720403E-02
 -0.60744977      7.33343810E-02
 -0.58452702      7.34908208E-02
 -0.56160450      7.36412778E-02
 -0.53868175      7.37854242E-02
 -0.51575923      7.39237443E-02
 -0.49283648      7.40564317E-02
 -0.46991396      7.41828755E-02
 -0.44699121      7.43037239E-02
 -0.42406869      7.44190365E-02
 -0.40114594      7.45278075E-02
 -0.37822342      7.46312290E-02
 -0.35530066      7.47287795E-02
 -0.33237815      7.48201609E-02
 -0.30945539      7.49054030E-02
 -0.28653288      7.49846771E-02
 -0.26361012      7.50581175E-02
 -0.24068761      7.51256943E-02
 -0.21776485      7.51866996E-02
 -0.19484234      7.52417818E-02
 -0.17191958      7.52911791E-02
 -0.14899707      7.53345415E-02
 -0.12607431      7.53717199E-02
 -0.10315180      7.54030570E-02
 -8.02290440E-02  7.54286423E-02
 -5.73065281E-02  7.54483566E-02
 -3.43837738E-02  7.54618123E-02
 -1.14612579E-02  7.54691362E-02
  1.14612579E-02  7.54710287E-02
  3.43842506E-02  7.54669011E-02
  5.73067665E-02  7.54559636E-02
  8.02292824E-02  7.54394233E-02
  0.10315180      7.54170567E-02
  0.12607479      7.53886700E-02
  0.14899731      7.53543004E-02
  0.17191982      7.53137618E-02
  0.19484234      7.52673075E-02
  0.21776533      7.52150938E-02
  0.24068785      7.51565769E-02
  0.26361036      7.50918463E-02
  0.28653288      7.50210956E-02
  0.30945587      7.49444366E-02
  0.33237839      7.48616457E-02
  0.35530090      7.47728124E-02
  0.37822342      7.46779814E-02
  0.40114641      7.45774284E-02
  0.42406893      7.44708031E-02
  0.44699144      7.43581578E-02
  0.46991444      7.42396489E-02
  0.49283695      7.41154104E-02
  0.51575947      7.39855394E-02
  0.53868198      7.38496929E-02
  0.56160498      7.37080574E-02
  0.58452749      7.35608861E-02
  0.60745001      7.34075904E-02
  0.63037252      7.32484832E-02
  0.65329552      7.30832890E-02
  0.67621803      7.29122758E-02
  0.69914055      7.27356449E-02
  0.72206306      7.25529417E-02
  0.74498606      7.23640695E-02
  0.76790857      7.21697286E-02
  0.79083109      7.19696954E-02
  0.81375360      7.17634931E-02
  0.83667660      7.15515614E-02
  0.85959911      7.13339597E-02
  0.88252163      7.11105317E-02
  0.90544415      7.08812550E-02
  0.92836714      7.06462339E-02
  0.95128965      7.04053491E-02
  0.97421217      7.01590255E-02
  0.99713469      6.99069649E-02
   1.0200577      6.96493015E-02
   1.0429802      6.93858191E-02
   1.0659027      6.91166222E-02
   1.0888252      6.88418448E-02
   1.1117482      6.85613453E-02
   1.1346707      6.82754815E-02
   1.1575933      6.79836497E-02
   1.1805158      6.76865876E-02
   1.2034388      6.73842281E-02
   1.2263613      6.70766532E-02
   1.2492838      6.67633787E-02
   1.2722063      6.64445683E-02
   1.2951293      6.61208034E-02
   1.3180518      6.57918081E-02
   1.3409743      6.54575750E-02
   1.3638968      6.51178360E-02
   1.3868198      6.47727624E-02
   1.4097424      6.44224957E-02
   1.4326649      6.40670285E-02
   1.4555874      6.37064725E-02
   1.4785104      6.33403957E-02
   1.5014329      6.29688278E-02
   1.5243554      6.25921488E-02
   1.5472779      6.22106716E-02
   1.5702009      6.18238412E-02
   1.5931234      6.14315383E-02
   1.6160460      6.10344708E-02
   1.6389685      6.06324710E-02
   1.6618915      6.02255203E-02
   1.6848140      5.98137006E-02
   1.7077365      5.93967289E-02
   1.7306590      5.89750633E-02
   1.7535820      5.85486181E-02
   1.7765045      5.81174605E-02
   1.7994270      5.76817431E-02
   1.8223495      5.72412275E-02
   1.8452725      5.67961782E-02
   1.8681951      5.63470982E-02
   1.8911176      5.58929555E-02
   1.9140406      5.54343462E-02
   1.9369631      5.49710542E-02
   1.9598856      5.45034520E-02
   1.9828081      5.40313646E-02
   2.0057311      5.35545126E-02
   2.0286536      5.30728400E-02
   2.0515761      5.25868610E-02
   2.0744987      5.20966128E-02
   2.0974216      5.16022220E-02
   2.1203442      5.11036254E-02
   2.1432667      5.06007858E-02
   2.1661892      5.00941835E-02
   2.1891122      4.95840199E-02
   2.2120347      4.90700155E-02
   2.2349572      4.85520586E-02
   2.2578797      4.80304025E-02
   2.2808027      4.75054085E-02
   2.3037252      4.69767787E-02
   2.3266478      4.64444645E-02
   2.3495703      4.59086634E-02
   2.3724933      4.53691855E-02
   2.3954158      4.48264554E-02
   2.4183383      4.42802645E-02
   2.4412608      4.37302366E-02
   2.4641838      4.31771800E-02
   2.4871063      4.26209457E-02
   2.5100288      4.20608632E-02
   2.5329514      4.14972752E-02
   2.5558743      4.09302041E-02
   2.5787969      4.03600186E-02
   2.6017194      3.97864357E-02
   2.6246419      3.92093770E-02
   2.6475649      3.86287495E-02
   2.6704874      3.80454399E-02
   2.6934099      3.74589786E-02
   2.7163324      3.68697047E-02
   2.7392554      3.62775400E-02
   2.7621779      3.56823727E-02
   2.7851005      3.50847542E-02
   2.8080230      3.44847925E-02
   2.8309460      3.38822789E-02
   2.8538685      3.32770720E-02
   2.8767910      3.26693431E-02
   2.8997135      3.20592076E-02
   2.9226365      3.14466730E-02
   2.9455590      3.08315270E-02
   2.9684815      3.02137602E-02
   2.9914041      2.95934156E-02
   3.0143270      2.89708152E-02
   3.0372496      2.83458587E-02
   3.0601721      2.77184453E-02
   3.0830946      2.70886663E-02
   3.1060176      2.64568683E-02
   3.1289401      2.58233026E-02
   3.1518626      2.51876116E-02
   3.1747851      2.45498661E-02
   3.1977081      2.39100009E-02
   3.2206306      2.32687853E-02
   3.2435532      2.26255767E-02
   3.2664757      2.19805446E-02
   3.2893987      2.13334300E-02
   3.3123212      2.06847358E-02
   3.3352437      2.00343877E-02
   3.3581667      1.93823893E-02
   3.3810892      1.87286027E-02
   3.4040117      1.80733763E-02
   3.4269342      1.74165517E-02
   3.4498572      1.67585891E-02
   3.4727798      1.60993282E-02
   3.4957023      1.54388426E-02
   3.5186248      1.47770913E-02
   3.5415478      1.41141256E-02
   3.5644703      1.34500209E-02
   3.5873928      1.27848778E-02
   3.6103153      1.21184969E-02
   3.6332383      1.14512732E-02
   3.6561608      1.07831387E-02
   3.6790833      1.01142405E-02
   3.7020059      9.44466796E-03
   3.7249289      8.77447519E-03
   3.7478514      8.10332317E-03
   3.7707739      7.43116392E-03
   3.7936964      6.75873458E-03
   3.8166194      6.08556950E-03
   3.8395419      5.41146658E-03
   3.8624644      4.73676808E-03
   3.8853869      4.06119693E-03
   3.9083099      3.38511751E-03
   3.9312325      2.70870887E-03
   3.9541550      2.03181151E-03
   3.9770775      1.35452789E-03
   4.0000000      6.77123200E-04
