  -4.0000000     -6.21733807E-06
  -3.9770772     -1.24836979E-05
  -3.9541547     -1.88472313E-05
  -3.9312320     -2.53557846E-05
  -3.9083095     -3.20569452E-05
  -3.8853867     -3.89985253E-05
  -3.8624642     -4.62290554E-05
  -3.8395414     -5.37976375E-05
  -3.8166189     -6.17546903E-05
  -3.7936962     -7.01519166E-05
  -3.7707736     -7.90426420E-05
  -3.7478509     -8.84823748E-05
  -3.7249284     -9.85285369E-05
  -3.7020056     -1.09241322E-04
  -3.6790831     -1.20683209E-04
  -3.6561604     -1.32920075E-04
  -3.6332378     -1.46020844E-04
  -3.6103151     -1.60058087E-04
  -3.5873926     -1.75108013E-04
  -3.5644698     -1.91250147E-04
  -3.5415473     -2.08568701E-04
  -3.5186245     -2.27152355E-04
  -3.4957020     -2.47094315E-04
  -3.4727793     -2.68493197E-04
  -3.4498568     -2.91452714E-04
  -3.4269340     -3.16081190E-04
  -3.4040115     -3.42493993E-04
  -3.3810887     -3.70811438E-04
  -3.3581662     -4.01160214E-04
  -3.3352435     -4.33673966E-04
  -3.3123209     -4.68492915E-04
  -3.2893982     -5.05765376E-04
  -3.2664757     -5.45644085E-04
  -3.2435529     -5.88293420E-04
  -3.2206304     -6.33884221E-04
  -3.1977077     -6.82596350E-04
  -3.1747851     -7.34616246E-04
  -3.1518624     -7.90139893E-04
  -3.1289399     -8.49370263E-04
  -3.1060171     -9.12521442E-04
  -3.0830946     -9.79815493E-04
  -3.0601718     -1.05148635E-03
  -3.0372493     -1.12777855E-03
  -3.0143266     -1.20894436E-03
  -2.9914041     -1.29524129E-03
  -2.9684813     -1.38694793E-03
  -2.9455585     -1.48434541E-03
  -2.9226360     -1.58772687E-03
  -2.8997135     -1.69739791E-03
  -2.8767908     -1.81367330E-03
  -2.8538680     -1.93688308E-03
  -2.8309455     -2.06737174E-03
  -2.8080230     -2.20547919E-03
  -2.7851002     -2.35156878E-03
  -2.7621775     -2.50599859E-03
  -2.7392550     -2.66916887E-03
  -2.7163324     -2.84146168E-03
  -2.6934097     -3.02327331E-03
  -2.6704869     -3.21502611E-03
  -2.6475644     -3.41713335E-03
  -2.6246419     -3.63004557E-03
  -2.6017191     -3.85419186E-03
  -2.5787964     -4.09001904E-03
  -2.5558739     -4.33797529E-03
  -2.5329514     -4.59854910E-03
  -2.5100286     -4.87219775E-03
  -2.4871058     -5.15943393E-03
  -2.4641833     -5.46072889E-03
  -2.4412608     -5.77657809E-03
  -2.4183381     -6.10747375E-03
  -2.3954153     -6.45392854E-03
  -2.3724928     -6.81644864E-03
  -2.3495703     -7.19555980E-03
  -2.3266475     -7.59175187E-03
  -2.3037248     -8.00553709E-03
  -2.2808022     -8.43740907E-03
  -2.2578797     -8.88790563E-03
  -2.2349570     -9.35756974E-03
  -2.2120342     -9.84688103E-03
  -2.1891117     -1.03563555E-02
  -2.1661892     -1.08864829E-02
  -2.1432664     -1.14377253E-02
  -2.1203437     -1.20105864E-02
  -2.0974212     -1.26055349E-02
  -2.0744987     -1.32229785E-02
  -2.0515759     -1.38633661E-02
  -2.0286531     -1.45271029E-02
  -2.0057306     -1.52146444E-02
  -1.9828079     -1.59262996E-02
  -1.9598854     -1.66625623E-02
  -1.9369626     -1.74238123E-02
  -1.9140401     -1.82103440E-02
  -1.8911173     -1.90223157E-02
  -1.8681948     -1.98600236E-02
  -1.8452721     -2.07237396E-02
  -1.8223495     -2.16136426E-02
  -1.7994268     -2.25298908E-02
  -1.7765043     -2.34726071E-02
  -1.7535815     -2.44418420E-02
  -1.7306590     -2.54377089E-02
  -1.7077363     -2.64602751E-02
  -1.6848137     -2.75095124E-02
  -1.6618910     -2.85854042E-02
  -1.6389685     -2.96877064E-02
  -1.6160457     -3.08164861E-02
  -1.5931232     -3.19713727E-02
  -1.5702004     -3.31521295E-02
  -1.5472779     -3.43584046E-02
  -1.5243552     -3.55897732E-02
  -1.5014327     -3.68456729E-02
  -1.4785099     -3.81257348E-02
  -1.4555874     -3.94294597E-02
  -1.4326646     -4.07562554E-02
  -1.4097421     -4.21054438E-02
  -1.3868194     -4.34762910E-02
  -1.3638968     -4.48680967E-02
  -1.3409741     -4.62801941E-02
  -1.3180516     -4.77116369E-02
  -1.2951288     -4.91615273E-02
  -1.2722063     -5.06287925E-02
  -1.2492836     -5.21126240E-02
  -1.2263610     -5.36114983E-02
  -1.2034383     -5.51249459E-02
  -1.1805158     -5.66514656E-02
  -1.1575930     -5.81900887E-02
  -1.1346705     -5.97393513E-02
  -1.1117477     -6.12976104E-02
  -1.0888252     -6.28636181E-02
  -1.0659025     -6.44359440E-02
  -1.0429797     -6.60132319E-02
  -1.0200572     -6.75937012E-02
 -0.99713445     -6.91757351E-02
 -0.97421193     -7.07573593E-02
 -0.95128918     -7.23372102E-02
 -0.92836666     -7.39131719E-02
 -0.90544391     -7.54840374E-02
 -0.88252139     -7.70476982E-02
 -0.85959864     -7.86023289E-02
 -0.83667612     -8.01458210E-02
 -0.81375337     -8.16768259E-02
 -0.79083085     -8.31931904E-02
 -0.76790810     -8.46934766E-02
 -0.74498558     -8.61756951E-02
 -0.72206283     -8.76378864E-02
 -0.69914031     -8.90783966E-02
 -0.67621756     -9.04944539E-02
 -0.65329504     -9.18843448E-02
 -0.63037229     -9.32461768E-02
 -0.60744977     -9.45782214E-02
 -0.58452702     -9.58789289E-02
 -0.56160450     -9.71456021E-02
 -0.53868175     -9.83775184E-02
 -0.51575923     -9.95722041E-02
 -0.49283648     -0.10072855    
 -0.46991396     -0.10184491    
 -0.44699121     -0.10292025    
 -0.42406869     -0.10395250    
 -0.40114594     -0.10494019    
 -0.37822342     -0.10588092    
 -0.35530066     -0.10677396    
 -0.33237815     -0.10761815    
 -0.30945539     -0.10841258    
 -0.28653288     -0.10915589    
 -0.26361012     -0.10984720    
 -0.24068761     -0.11048482    
 -0.21776485     -0.11106771    
 -0.19484234     -0.11159504    
 -0.17191958     -0.11206597    
 -0.14899707     -0.11247969    
 -0.12607431     -0.11283533    
 -0.10315180     -0.11313238    
 -8.02290440E-02 -0.11337094    
 -5.73065281E-02 -0.11354985    
 -3.43837738E-02 -0.11366916    
 -1.14612579E-02 -0.11372808    
  1.14612579E-02 -0.11372747    
  3.43842506E-02 -0.11366671    
  5.73067665E-02 -0.11354622    
  8.02292824E-02 -0.11336627    
  0.10315180     -0.11312634    
  0.12607479     -0.11282787    
  0.14899731     -0.11247092    
  0.17191982     -0.11205606    
  0.19484234     -0.11158425    
  0.21776533     -0.11105535    
  0.24068785     -0.11047085    
  0.26361036     -0.10983208    
  0.28653288     -0.10913997    
  0.30945587     -0.10839587    
  0.33237839     -0.10760026    
  0.35530090     -0.10675435    
  0.37822342     -0.10585926    
  0.40114641     -0.10491639    
  0.42406893     -0.10392740    
  0.44699144     -0.10289324    
  0.46991444     -0.10181624    
  0.49283695     -0.10069748    
  0.51575947     -9.95388702E-02
  0.53868198     -9.83422026E-02
  0.56160498     -9.71091837E-02
  0.58452749     -9.58412886E-02
  0.60745001     -9.45410207E-02
  0.63037252     -9.32091400E-02
  0.65329552     -9.18484777E-02
  0.67621803     -9.04600471E-02
  0.69914055     -8.90460461E-02
  0.72206306     -8.76079649E-02
  0.74498606     -8.61477852E-02
  0.76790857     -8.46670344E-02
  0.79083109     -8.31679106E-02
  0.81375360     -8.16524103E-02
  0.83667660     -8.01227391E-02
  0.85959911     -7.85806701E-02
  0.88252163     -7.70272464E-02
  0.90544415     -7.54646659E-02
  0.92836714     -7.38951936E-02
  0.95128965     -7.23205879E-02
  0.97421217     -7.07424060E-02
  0.99713469     -6.91623390E-02
   1.0200577     -6.75819144E-02
   1.0429802     -6.60029426E-02
   1.0659027     -6.44268095E-02
   1.0888252     -6.28553629E-02
   1.1117482     -6.12904355E-02
   1.1346707     -5.97323142E-02
   1.1575933     -5.81837781E-02
   1.1805158     -5.66448942E-02
   1.2034388     -5.51177524E-02
   1.2263613     -5.36038280E-02
   1.2492838     -5.21042570E-02
   1.2722063     -5.06205186E-02
   1.2951293     -4.91533764E-02
   1.3180518     -4.77034561E-02
   1.3409743     -4.62719128E-02
   1.3638968     -4.48599607E-02
   1.3868198     -4.34686244E-02
   1.4097424     -4.20980565E-02
   1.4326649     -4.07491177E-02
   1.4555874     -3.94226611E-02
   1.4785104     -3.81196067E-02
   1.5014329     -3.68399099E-02
   1.5243554     -3.55844833E-02
   1.5472779     -3.43535095E-02
   1.5702009     -3.31482776E-02
   1.5931234     -3.19685638E-02
   1.6160460     -3.08139659E-02
   1.6389685     -2.96856854E-02
   1.6618915     -2.85836272E-02
   1.6848140     -2.75078733E-02
   1.7077365     -2.64588445E-02
   1.7306590     -2.54362263E-02
   1.7535820     -2.44409163E-02
   1.7765045     -2.34719589E-02
   1.7994270     -2.25293022E-02
   1.8223495     -2.16130391E-02
   1.8452725     -2.07233038E-02
   1.8681951     -1.98596548E-02
   1.8911176     -1.90222710E-02
   1.9140406     -1.82103440E-02
   1.9369631     -1.74241401E-02
   1.9598856     -1.66632868E-02
   1.9828081     -1.59269106E-02
   2.0057311     -1.52154043E-02
   2.0286536     -1.45277847E-02
   2.0515761     -1.38640767E-02
   2.0744987     -1.32237133E-02
   2.0974216     -1.26066124E-02
   2.1203442     -1.20117133E-02
   2.1432667     -1.14389900E-02
   2.1661892     -1.08879339E-02
   2.1891122     -1.03578074E-02
   2.2120347     -9.84869339E-03
   2.2349572     -9.35933366E-03
   2.2578797     -8.88964068E-03
   2.2808027     -8.43888801E-03
   2.3037252     -8.00700579E-03
   2.3266478     -7.59317679E-03
   2.3495703     -7.19698006E-03
   2.3724933     -6.81797182E-03
   2.3954158     -6.45542564E-03
   2.4183383     -6.10879576E-03
   2.4412608     -5.77775622E-03
   2.4641838     -5.46212820E-03
   2.4871063     -5.16081369E-03
   2.5100288     -4.87372372E-03
   2.5329514     -4.60016401E-03
   2.5558743     -4.33944911E-03
   2.5787969     -4.09152871E-03
   2.6017194     -3.85555765E-03
   2.6246419     -3.63128539E-03
   2.6475649     -3.41807189E-03
   2.6704874     -3.21612507E-03
   2.6934099     -3.02420254E-03
   2.7163324     -2.84253317E-03
   2.7392554     -2.67017796E-03
   2.7621779     -2.50684726E-03
   2.7851005     -2.35254434E-03
   2.8080230     -2.20654765E-03
   2.8309460     -2.06824904E-03
   2.8538685     -1.93776260E-03
   2.8767910     -1.81443861E-03
   2.8997135     -1.69802329E-03
   2.9226365     -1.58846064E-03
   2.9455590     -1.48520223E-03
   2.9684815     -1.38763839E-03
   2.9914041     -1.29568169E-03
   3.0143270     -1.20956614E-03
   3.0372496     -1.12840394E-03
   3.0601721     -1.05196168E-03
   3.0830946     -9.80132259E-04
   3.1060176     -9.12832271E-04
   3.1289401     -8.49908625E-04
   3.1518626     -7.90450606E-04
   3.1747851     -7.34962814E-04
   3.1977081     -6.83175749E-04
   3.2206306     -6.34163676E-04
   3.2435532     -5.88488881E-04
   3.2664757     -5.45788440E-04
   3.2893987     -5.05854900E-04
   3.3123212     -4.68511571E-04
   3.3352437     -4.33827721E-04
   3.3581667     -4.01342812E-04
   3.3810892     -3.70774476E-04
   3.4040117     -3.42403917E-04
   3.4269342     -3.16159858E-04
   3.4498572     -2.91611068E-04
   3.4727798     -2.68580887E-04
   3.4957023     -2.47082557E-04
   3.5186248     -2.27217010E-04
   3.5415478     -2.08579237E-04
   3.5644703     -1.91249594E-04
   3.5873928     -1.75120935E-04
   3.6103153     -1.60258351E-04
   3.6332383     -1.46000486E-04
   3.6561608     -1.32946036E-04
   3.6790833     -1.20925739E-04
   3.7020059     -1.09300068E-04
   3.7249289     -9.84481594E-05
   3.7478514     -8.85450354E-05
   3.7707739     -7.91309430E-05
   3.7936964     -7.01458775E-05
   3.8166194     -6.18704144E-05
   3.8395419     -5.36619737E-05
   3.8624644     -4.62974385E-05
   3.8853869     -3.90642053E-05
   3.9083099     -3.21134394E-05
   3.9312325     -2.54723491E-05
   3.9541550     -1.87835503E-05
   3.9770775     -1.25408806E-05
   4.0000000     -6.15908220E-06
